17.930 89.620 44.650 96.770 31.880 8.030
6.010 44.060 62.900 50.150 42.880 96.600
92.530 68.260 91.160 13.380 34.120 3.320
85.270 75.590 83.240 83.900 44.200 85.510
52.730 87.380 86.580 52.100 82.160 82.000
70.430 72.210 23.360 65.740 40.200 22.620
83.490 96.020 63.810 13.120 8.640 6.690
0.300 71.900 84.980 83.200 29.570 72.580
1.170 1.110 23.070 19.800 25.740 24.150
47.210 95.960 16.060 65.910 96.840 45.140
4.550 25.620 85.370 64.790 68.860 43.470
94.150 16.860 58.720 16.720 79.810 74.650
38.350 40.370 91.580 43.610 91.740 87.250
85.940 17.750 55.360 71.590 45.310 88.840
56.880 58.630 96.200 53.260 35.230 61.760
0.530 9.620 85.530 1.820 6.510 2.080
31.620 22.540 68.810 61.180 12.430 82.340
15.340 54.240 90.360 62.760 20.950 63.480
14.480 42.440 4.280 45.590 57.820 80.410
57.270 92.590 58.940 23.890 57.240 99.600
45.860 53.930 56.080 85.960 31.660 39.910
1.470 52.420 73.160 64.110 86.060 66.100
20.890 22.850 13.100 44.730 59.320 70.780
49.580 88.920 14.600 70.610 12.750 9.710
29.890 6.560 90.630 21.940 4.660 55.260
71.270 46.060 82.180 76.880 94.780 65.860
71.970 28.870 78.560 9.830 41.360 81.160
27.910 94.900 82.450 55.240 61.930 49.560
51.900 58.170 95.570 33.500 7.010 23.810
16.150 40.080 38.720 31.610 76.750 90.730
99.880 14.640 81.100 68.510 67.320 71.340
28.580 64.990 5.700 90.940 23.440 99.270
48.690 51.700 60.370 75.250 55.230 51.910
61.420 99.400 18.700 46.560 12.070 73.390
8.190 69.570 81.640 85.970 21.110 41.460
62.600 58.230 96.220 85.700 94.710 61.120
10.940 56.340 20.490 91.300 80.100 19.340
1.580 79.440 37.430 88.060 43.340 50.290
2.050 20.130 27.780 67.830 48.830 69.950
37.760 93.000 25.300 21.970 63.990 86.180
68.180 30.660 41.170 70.180 64.340 17.750
45.380 84.830 7.230 26.230 21.200 65.080
71.430 96.650 50.370 56.670 16.220 78.250
96.500 25.890 64.610 14.730 81.510 46.660
98.410 57.440 35.980 7.230 57.820 19.090
13.350 11.450 44.360 74.410 68.920 13.040
70.790 47.090 77.430 15.860 65.330 65.980
25.120 67.480 13.390 90.040 25.730 36.180
77.870 81.570 29.430 55.380 8.770 40.540
10.480 76.420 54.980 41.620 39.450 79.280
10.470 2.880 6.310 42.360 42.650 25.680
68.750 79.870 15.080 92.600 96.850 55.980
29.210 68.050 86.470 18.880 78.540 29.260
78.300 43.850 43.100 62.910 3.770 16.790
73.530 51.280 24.930 22.490 26.890 83.630
23.040 96.840 22.280 21.700 44.210 92.100
26.350 27.710 4.960 67.460 7.980 18.040
51.450 69.530 17.700 40.310 47.940 50.700
34.720 32.160 39.960 30.950 51.650 28.820
1.010 55.970 65.210 64.630 62.490 30.270
20.920 25.220 24.300 12.540 34.890 16.590
93.780 78.780 32.200 74.670 9.210 75.170
21.230 60.910 1.720 73.120 63.400 28.580
31.640 63.880 48.540 72.100 51.620 46.390
18.380 83.350 19.950 47.520 79.820 76.950
39.550 71.140 62.170 12.570 54.780 70.730
66.950 44.700 59.670 75.800 75.690 68.950
54.740 54.380 20.240 81.970 67.310 2.070
46.710 26.760 98.450 70.880 66.240 21.600
37.020 41.160 32.260 46.050 96.710 91.910
53.180 40.340 85.160 1.300 64.470 59.090
21.030 42.260 73.420 67.240 26.350 13.290
92.230 78.310 5.800 9.130 0.080 25.070
88.980 7.310 25.230 30.040 34.730 61.530
83.560 55.260 29.370 97.800 71.800 18.190
11.150 36.270 26.770 2.440 5.530 98.290
3.990 33.150 11.010 74.690 79.370 27.810
69.400 95.960 78.220 25.030 20.140 76.180
52.210 11.630 13.930 71.550 10.960 55.160
92.610 19.470 44.960 82.020 16.030 88.570
38.350 39.550 5.930 67.610 19.570 67.590
21.310 52.850 83.370 80.050 87.640 59.430
55.680 95.360 14.140 83.350 65.620 82.530
69.430 87.500 27.620 56.690 91.430 96.830
64.730 1.710 32.470 26.620 29.050 29.000
2.760 39.860 95.690 38.790 3.380 2.890
75.600 12.820 64.240 34.800 67.640 27.650
88.230 85.060 21.330 69.080 63.510 48.570
33.140 23.410 16.540 63.520 88.890 8.350
66.590 77.940 92.430 41.860 57.080 30.620
34.180 17.610 49.680 21.300 52.590 64.810
52.870 52.600 13.350 64.580 63.340 62.320
51.810 56.680 19.100 0.110 71.640 21.020
4.010 67.090 19.660 98.110 8.610 75.650
23.930 81.260 41.070 67.570 80.870 92.010
11.400 92.120 12.420 21.280 33.800 11.660
92.620 47.360 25.700 88.760 41.380 63.280
71.900 48.960 24.230 31.770 88.310 58.220
69.780 38.550 78.360 19.550 92.850 76.480
7.380 12.360 33.150 30.320 9.120 50.130
91.220 43.200 61.760 82.170 49.960 82.690
98.280 10.370 13.120 83.660 68.090 93.150
59.620 28.850 59.010 3.540 85.930 11.610
51.450 75.890 40.010 64.000 40.950 44.310
60.590 14.620 38.770 71.190 48.330 85.670
14.250 20.660 51.450 14.540 62.420 33.120
99.460 3.950 45.410 12.190 74.560 57.170
72.830 65.010 6.030 82.460 8.430 61.140
4.280 38.070 41.010 35.160 28.790 45.140
24.270 40.130 87.280 84.480 7.120 33.360
42.860 89.320 23.730 34.110 7.500 21.540
57.460 53.820 11.950 0.050 24.430 94.150
53.720 99.250 51.180 2.360 50.810 51.560
35.250 47.680 70.550 38.720 30.820 61.220
68.210 72.700 91.570 87.410 2.300 78.520
79.940 36.420 37.990 79.880 94.840 4.190
31.640 34.890 43.010 3.650 68.400 82.330
54.500 99.520 60.060 28.030 97.720 71.720
95.880 33.620 18.650 54.800 31.050 41.390
76.210 52.710 58.860 88.990 50.950 44.790
82.230 60.270 6.910 60.640 98.580 99.790
4.960 7.370 23.670 85.180 88.410 63.550
73.350 43.510 36.890 72.080 93.300 65.040
16.650 66.250 64.440 28.720 15.250 81.970
13.630 22.890 8.500 95.100 33.310 24.120
62.510 62.260 55.430 5.620 65.240 5.400
91.430 5.070 6.070 63.050 9.290 25.950
70.650 50.760 26.700 34.620 93.040 56.180
92.440 24.010 87.730 13.960 10.120 39.050
46.060 94.920 97.540 69.030 16.020 94.230
95.690 77.410 33.730 44.420 51.040 27.050
34.360 34.940 86.690 53.360 4.500 72.200
41.350 75.420 73.230 57.240 84.350 18.150
72.030 84.770 48.830 30.160 46.700 89.570
20.400 70.060 11.140 19.990 58.300 62.050
69.460 1.430 49.020 44.940 65.500 12.370
37.620 7.220 60.600 70.730 50.040 77.900
49.800 82.800 58.050 49.250 34.220 73.500
52.790 12.550 20.000 86.600 38.160 51.740
69.820 12.620 40.820 28.920 96.500 64.730
29.760 66.020 92.310 91.290 34.960 74.620
73.200 13.030 43.700 17.360 22.030 73.180
85.090 56.330 37.280 23.250 18.410 65.870
44.010 98.720 36.760 75.340 25.880 14.240
81.420 49.560 76.560 76.700 39.400 71.100
44.570 5.650 42.570 66.830 91.770 30.640
97.640 98.700 69.720 46.190 94.420 9.030
78.480 46.450 36.880 74.310 87.980 60.160
35.580 85.080 82.960 40.470 95.530 72.610
55.680 30.520 86.190 9.320 28.630 50.890
65.100 50.110 18.770 33.430 48.910 28.240
13.070 47.990 31.330 24.490 22.870 49.160
94.130 35.360 84.140 84.500 7.400 76.130
72.780 13.690 79.220 21.330 7.700 11.730
25.010 1.360 86.620 58.090 73.710 99.250
23.020 42.430 62.120 85.220 80.120 15.470
66.800 14.080 83.580 18.510 22.780 19.880
79.660 70.240 69.440 28.170 54.850 91.470
43.000 12.710 84.580 65.480 67.230 75.370
40.250 92.680 30.860 91.470 55.040 69.410
85.770 43.470 4.650 13.530 39.580 43.200
28.750 84.890 96.970 60.770 28.820 32.050
91.880 12.320 70.070 81.640 86.670 55.340
30.870 7.610 71.640 89.160 4.920 52.280
95.340 59.630 79.540 51.920 11.220 69.600
17.550 71.800 56.200 75.800 40.570 90.450
92.530 97.300 0.430 9.070 16.190 11.970
95.650 21.250 64.200 42.130 85.770 90.020
42.760 69.110 37.450 18.170 14.490 80.760
97.580 37.880 93.500 54.680 78.920 93.610
9.320 85.330 1.450 55.210 64.610 15.150
85.440 91.630 56.230 36.860 44.060 20.720
81.640 78.440 86.450 68.090 28.790 16.530
51.070 41.170 48.840 45.800 3.690 51.170
73.470 55.850 21.350 10.340 42.840 97.160
11.430 58.170 15.700 90.530 6.050 18.580
4.550 63.020 57.780 6.510 96.160 60.410
43.480 86.740 89.480 91.260 15.570 19.750
77.780 91.090 79.010 16.860 94.900 14.060
10.560 86.020 99.250 37.100 68.290 75.980
9.880 48.700 72.160 74.080 99.430 2.160
78.760 44.180 64.280 98.470 77.270 21.660
86.930 74.590 35.840 3.520 95.910 88.840
19.740 62.400 95.490 85.630 96.790 36.550
89.230 76.240 12.960 24.940 25.080 17.560
8.730 80.470 73.270 87.620 98.330 37.000
7.910 98.260 63.930 21.780 46.030 85.670
23.500 48.660 30.670 51.680 55.980 50.300
98.790 82.230 44.890 12.930 59.380 99.510
19.090 50.490 6.020 0.850 23.290 77.060
80.970 34.280 66.870 99.480 47.500 58.910
85.360 4.330 62.940 62.420 49.360 99.210
8.150 65.860 57.150 54.340 98.120 52.850
16.620 76.260 16.440 82.140 37.120 21.030
64.190 27.040 24.770 39.660 34.750 38.850
14.980 60.390 24.120 46.380 29.400 88.490
50.940 29.490 72.970 15.810 20.130 48.850
98.300 85.540 39.490 3.330 23.760 90.170
10.890 16.080 65.800 9.120 47.520 41.920
45.530 45.510 95.790 74.880 83.680 7.790
23.200 64.820 48.090 30.150 97.710 97.010
65.090 44.890 15.280 3.670 86.110 52.360
34.600 5.960 15.440 58.780 33.040 31.830
77.410 33.200 92.260 66.510 40.160 63.470
89.130 7.380 52.880 88.990 15.200 84.140
50.220 97.400 53.070 44.400 83.120 19.930
61.840 89.510 51.520 64.080 45.170 87.130
95.300 5.750 67.830 21.480 9.370 91.150
59.520 18.050 6.770 60.050 85.250 95.400
7.960 37.950 26.810 16.120 71.860 73.020
19.740 49.850 73.430 69.240 93.320 53.220
68.110 24.820 53.470 54.470 66.260 6.220
50.900 40.330 99.000 72.180 99.120 48.700
24.740 39.700 93.690 84.120 45.820 48.080
55.730 62.610 6.680 86.040 33.240 14.750
96.310 88.580 25.610 93.370 55.460 70.540
98.420 25.710 43.880 4.750 13.140 84.300
5.470 29.370 90.410 14.450 30.070 1.100
88.620 43.870 16.920 55.130 85.310 59.370
90.570 45.840 71.800 67.340 65.550 58.870
6.730 1.040 58.260 18.590 39.530 84.950
65.430 18.380 38.610 61.660 52.190 53.740
7.220 97.080 74.030 20.450 16.130 70.350
65.350 99.720 97.750 35.970 22.160 71.930
93.690 8.790 67.010 74.530 1.620 83.260
60.620 23.840 88.120 12.830 88.790 11.150
50.580 70.880 25.580 36.990 30.920 86.560
45.840 31.660 66.400 39.500 64.370 42.200
70.900 53.730 57.350 9.520 40.830 67.420
99.850 69.200 70.370 3.250 80.840 19.170
53.770 86.000 26.730 65.440 3.060 79.400
59.370 70.120 76.420 52.910 55.080 6.560
81.520 28.020 27.590 19.400 5.990 7.330
81.710 45.900 60.240 73.300 36.860 4.980
85.640 50.890 17.260 14.950 52.510 94.880
63.230 17.150 79.850 62.560 15.660 45.360
77.310 73.950 32.900 75.870 54.160 28.890
11.300 47.810 77.740 13.730 41.430 73.150
56.710 8.680 94.360 80.650 86.790 17.140
45.220 14.790 37.040 98.490 57.330 61.800
57.120 41.640 27.590 48.210 68.640 39.340
97.680 83.300 22.760 67.390 32.410 67.330
41.760 27.630 49.820 27.040 29.090 88.960
83.970 82.710 13.990 11.340 98.130 87.050
84.390 98.220 34.550 61.900 92.140 88.580
9.960 60.330 8.230 65.400 9.280 9.970
44.110 21.330 32.290 82.790 17.410 70.160
57.930 54.220 4.880 78.440 94.110 51.010
13.850 14.300 73.140 99.160 98.210 32.930
88.490 6.290 46.330 13.880 95.600 11.670
63.850 51.160 82.630 97.900 63.280 37.820
73.930 63.930 97.370 46.110 81.700 27.970
22.090 85.250 99.490 3.940 59.900 44.060
60.940 77.420 33.660 3.780 96.000 85.410
36.250 52.980 8.530 88.860 24.060 21.340
53.700 8.970 15.030 59.630 45.280 18.030
40.940 50.330 98.050 93.240 71.250 26.960
80.990 26.660 49.470 64.570 90.870 38.290
96.430 64.970 67.330 22.770 42.940 92.330
49.650 57.100 6.630 55.660 19.180 69.480
72.320 57.740 3.850 74.650 8.780 91.260
46.090 56.480 4.000 13.380 1.350 73.370
37.120 71.340 32.440 83.690 45.230 62.410
9.580 49.250 85.250 7.760 6.900 64.570
54.280 36.950 44.220 32.170 65.810 47.720
95.540 52.500 28.590 35.040 94.440 76.160
69.710 42.460 37.900 92.670 68.100 36.440
77.570 3.010 73.730 71.900 87.680 81.610
70.610 89.960 51.000 71.690 65.180 30.420
18.320 76.790 61.870 65.560 53.280 60.120
53.250 14.930 40.340 78.720 47.670 70.480
40.570 13.390 69.190 95.940 26.120 57.210
77.590 88.840 11.130 34.670 6.550 3.490
60.930 12.110 14.190 63.200 66.720 39.640
27.390 44.570 86.140 38.400 7.370 79.570
54.600 71.560 96.860 34.700 9.720 88.200
72.900 46.020 14.690 16.390 35.880 30.290
20.640 1.760 69.220 7.690 47.890 61.890
57.060 94.590 66.920 2.890 90.640 70.780
43.700 73.560 96.470 79.540 82.830 46.070
96.280 10.540 85.250 94.360 6.030 61.570
67.080 8.870 92.520 26.020 60.970 61.790
38.070 89.400 66.460 6.300 25.600 4.380
11.850 33.300 0.290 12.570 81.860 20.000
4.820 82.130 67.570 32.440 49.050 73.810
97.690 75.490 78.260 43.130 96.190 72.600
52.230 83.140 41.200 8.690 29.970 24.220
51.350 85.950 97.770 63.070 3.900 28.620
17.980 78.750 72.290 10.760 89.820 40.760
24.190 63.050 65.350 86.460 43.200 49.190
22.200 69.360 89.090 51.250 88.230 93.740
10.340 90.140 81.750 68.660 79.450 86.670
59.520 98.790 8.500 56.270 79.010 97.960
62.330 72.960 0.120 23.120 96.530 33.340
39.520 78.000 88.600 83.770 51.260 77.140
88.750 54.390 23.780 5.080 73.950 10.460
82.180 99.440 59.550 5.300 26.250 76.160
84.080 36.780 71.780 63.640 65.620 4.380
18.110 65.920 83.990 29.740 30.170 15.880
52.010 17.400 92.120 61.890 31.850 45.860
60.500 32.210 24.920 89.670 78.840 63.050
40.610 66.470 4.870 24.580 97.650 80.410
94.000 57.600 41.460 25.530 36.670 57.180
30.560 17.710 60.990 3.230 2.430 4.700
34.860 36.360 79.660 88.990 15.740 81.930
66.380 27.570 14.360 89.290 68.670 25.820
10.280 78.340 53.150 1.960 59.790 26.330
95.140 49.100 25.560 48.640 54.790 33.900
5.340 35.010 30.620 18.030 88.300 18.650
19.410 40.730 17.740 74.330 56.640 36.670
67.870 93.060 87.420 67.060 63.860 22.300
68.020 24.130 73.670 62.210 32.380 6.450
99.640 85.180 58.830 72.560 8.000 85.110
6.150 82.710 40.490 17.240 45.850 60.520
53.130 34.370 1.530 38.790 18.970 94.320
55.400 3.670 66.080 2.730 21.110 73.760
40.390 37.140 26.180 44.690 85.550 5.030
9.850 93.750 76.610 57.380 34.300 81.540
69.850 32.480 10.790 73.360 62.960 49.160
80.690 40.840 6.810 13.990 2.670 97.020
18.780 19.830 5.930 42.520 35.900 56.030
32.520 61.190 74.620 32.140 39.100 88.480
32.310 16.040 13.530 86.730 32.320 38.240
60.290 66.070 28.280 31.340 39.050 77.320
51.220 42.890 13.050 10.670 69.060 55.390
26.130 42.040 38.590 91.310 50.410 1.260
91.830 51.380 7.100 28.090 96.680 47.100
46.420 92.700 12.640 30.520 33.250 84.280
79.690 80.240 50.380 30.580 71.560 51.370
23.790 31.910 4.410 98.590 40.570 48.080
17.490 40.880 45.910 56.030 20.500 24.120
18.630 77.340 76.750 68.960 64.860 65.350
98.480 50.950 96.650 63.670 15.280 18.020
16.220 54.920 63.850 70.100 30.350 1.640
46.630 15.530 43.170 55.260 78.360 85.580
69.410 29.530 67.490 35.740 19.850 13.220
60.420 43.840 21.900 33.370 44.840 68.460
25.480 43.910 50.280 88.490 18.870 8.610
9.630 3.590 94.490 8.530 13.620 91.570
86.160 68.140 58.720 84.330 40.630 87.670
3.230 71.060 59.880 75.120 18.090 73.500
88.120 68.800 69.000 15.910 89.550 53.320
73.740 77.820 70.770 62.540 34.060 11.060
74.230 10.540 60.900 28.280 7.950 48.370
33.940 66.060 31.920 4.130 73.440 79.340
42.830 64.840 28.330 55.270 54.440 91.310
88.520 95.800 57.430 8.850 32.600 31.200
59.570 91.940 9.680 93.360 22.240 68.190
28.110 17.160 28.840 27.910 36.880 45.600
18.540 30.410 90.050 53.040 37.650 63.380
59.850 38.280 2.470 29.750 36.560 39.550
45.120 25.150 30.850 50.900 6.170 78.270
15.990 8.000 11.830 68.070 63.470 0.590
71.890 60.260 3.200 5.590 73.510 27.840
56.790 85.280 44.630 33.780 17.410 96.700
30.750 41.450 26.530 67.920 2.400 12.000
44.290 37.090 12.930 19.450 6.400 40.360
4.500 92.200 54.130 21.930 29.410 49.800
90.940 34.110 8.650 26.800 1.830 97.420
8.360 84.890 94.430 84.200 68.860 38.460
71.920 56.520 28.070 79.320 8.410 72.990
36.520 3.430 19.020 57.340 96.030 10.290
77.570 61.070 94.860 60.960 48.360 58.100
37.100 88.770 81.990 3.810 53.270 50.900
8.300 1.790 63.430 49.770 0.530 46.320
39.070 15.260 99.420 79.180 60.890 43.090
61.010 65.240 22.220 77.000 12.040 96.610
20.380 92.300 90.880 67.550 27.500 81.940
9.900 0.770 31.350 79.370 37.270 88.950
11.450 97.930 28.080 39.540 32.270 16.150
73.250 26.740 41.190 59.670 50.790 91.870
10.890 62.510 45.110 79.020 49.990 26.930
12.840 76.370 94.280 71.230 4.820 84.330
9.840 26.710 19.010 3.400 90.520 18.410
24.980 84.040 73.900 97.280 75.830 63.650
35.200 10.540 1.560 85.580 96.200 41.980
10.110 67.810 6.720 48.360 41.020 88.290
87.590 65.010 26.080 98.370 34.950 85.630
77.520 63.660 70.370 67.380 98.770 43.040
84.030 19.580 92.960 30.020 31.130 49.450
92.730 17.490 61.640 77.820 19.470 46.690
35.380 30.250 78.580 16.470 9.240 64.030
82.370 69.360 31.430 40.080 53.680 3.580
10.660 25.040 36.640 84.390 51.200 37.720
76.900 57.920 95.160 26.800 78.220 11.290
99.060 61.660 55.990 90.250 56.520 13.760
5.600 34.780 88.950 18.880 14.950 81.050
79.420 8.240 87.320 3.630 83.520 82.900
49.830 26.390 86.070 36.250 61.660 36.470
27.050 84.300 4.600 15.960 83.650 47.720
3.980 7.630 89.610 88.790 95.250 13.750
27.950 0.320 11.100 56.360 85.110 1.920
24.360 65.110 1.600 15.510 38.820 34.930
68.750 79.620 76.820 33.610 46.510 53.610
68.210 29.690 55.800 71.700 60.560 68.170
50.780 68.740 53.900 14.470 76.750 93.350
0.980 7.910 73.050 62.110 36.920 20.710
67.490 82.480 22.250 48.710 35.610 76.060
74.580 67.940 78.730 17.070 72.280 97.520
59.830 52.510 43.200 64.420 17.980 53.580
14.430 32.620 65.260 62.770 52.690 38.900
71.650 24.750 79.730 41.940 36.160 15.620
56.470 5.270 70.190 96.700 4.990 53.820
45.180 28.520 19.760 88.960 29.720 24.940
45.800 39.610 56.250 38.620 24.090 57.230
80.480 36.700 45.370 24.830 51.310 64.950
12.200 51.770 85.450 94.970 19.780 56.670
1.840 6.680 86.250 75.930 45.510 87.320
63.650 11.630 72.550 86.130 20.780 16.270
95.120 1.840 82.590 49.850 84.680 17.240
36.380 98.590 96.370 75.290 50.790 7.800
28.050 85.330 26.280 0.510 78.540 90.400
54.260 19.980 43.950 71.450 22.460 42.930
42.990 59.590 89.510 45.780 94.590 95.190
46.430 43.740 93.350 3.690 76.470 55.070
3.170 59.570 75.180 79.560 26.880 18.290
32.730 39.090 59.710 89.840 89.040 67.610
64.410 99.450 3.540 63.990 59.010 25.590
27.950 68.710 72.610 96.750 77.600 56.230
48.920 44.900 25.180 89.130 53.990 98.640
75.570 4.830 49.210 37.070 76.140 12.130
34.800 65.740 40.360 16.660 87.400 40.170
96.340 37.240 15.240 92.260 63.360 45.300
6.400 8.670 45.690 9.140 8.420 89.930
9.100 29.670 54.420 3.120 85.960 87.020
59.520 60.500 89.860 26.030 41.340 90.700
80.100 82.110 6.580 54.660 71.200 34.630
86.520 93.870 86.880 23.170 40.880 58.030
45.520 77.180 16.640 25.970 78.600 44.800
5.570 75.490 96.720 39.360 4.900 2.140
64.220 2.230 21.030 92.790 52.930 18.970
48.680 30.690 86.860 50.770 54.890 22.210
77.790 15.410 89.650 8.590 57.970 78.400
18.110 24.920 91.350 52.220 44.720 67.210
4.590 4.860 13.320 34.700 5.080 37.210
95.300 4.880 41.780 15.730 85.430 34.860
56.120 57.920 18.000 65.140 32.750 42.770
61.840 6.310 55.130 92.300 12.480 78.150
83.100 2.930 36.800 13.570 62.660 58.710
49.030 29.490 19.400 57.290 82.290 8.630
42.180 67.600 56.280 45.760 16.330 57.870
65.150 36.930 37.180 53.780 56.140 80.290
23.140 83.610 55.360 92.490 32.460 61.710
69.000 86.770 48.090 69.740 34.820 15.000
68.390 82.450 2.530 54.550 56.790 64.160
18.710 64.150 25.050 31.030 12.910 4.550
51.990 95.300 77.780 72.790 90.880 50.160
31.000 92.630 15.990 75.300 61.660 60.400
30.500 22.870 20.630 44.120 74.140 63.320
83.380 57.360 1.680 26.170 80.290 49.930
54.100 25.080 85.240 58.870 69.230 91.060
6.420 99.800 74.670 66.750 17.800 31.480
42.910 97.840 85.850 99.270 23.160 98.860
21.580 95.590 55.190 12.000 21.510 45.380
26.070 61.340 6.470 41.860 48.300 33.040
21.430 47.690 88.520 51.980 6.710 3.150
29.250 1.250 59.160 5.380 29.680 0.460
90.520 12.120 59.290 99.240 15.090 59.550
58.650 14.020 21.280 94.480 20.240 80.830
91.460 50.440 75.950 31.320 8.110 40.710
71.390 45.440 11.960 18.560 42.440 96.220
14.450 55.920 24.070 76.130 51.870 92.670
94.420 11.380 17.530 36.670 21.960 24.680
60.070 2.430 53.090 96.680 87.240 35.990
41.990 32.420 75.070 24.620 58.810 44.180
42.820 46.950 41.900 15.120 55.000 27.510
67.590 77.570 92.540 56.330 1.190 17.780
16.020 76.360 95.920 68.380 89.140 14.150
37.730 77.960 30.310 57.190 38.870 74.580
41.390 80.760 29.680 61.530 86.300 16.440
70.520 98.060 54.630 20.870 55.900 33.880
9.900 99.680 74.720 69.010 96.190 76.470
5.460 13.160 3.630 50.540 40.260 77.260
54.290 21.980 5.160 50.970 41.170 77.840
83.020 85.430 61.400 72.140 4.990 45.780
98.700 6.800 89.570 25.320 66.230 26.600
47.910 60.420 83.290 75.740 98.710 25.450
16.220 84.510 38.590 60.790 43.990 11.040
88.860 23.860 2.370 15.740 11.910 58.230
98.930 14.020 92.930 98.710 80.090 83.880
65.850 29.030 96.780 19.910 24.420 86.440
24.740 32.210 8.570 63.710 24.250 56.100
34.060 85.200 12.060 42.700 4.660 21.740
75.490 52.750 93.910 13.770 18.290 99.480
94.220 43.010 57.990 55.150 39.620 47.180
2.290 68.750 18.710 54.290 17.580 9.410
46.150 52.620 36.820 27.450 54.260 51.290
77.510 2.400 31.130 78.180 24.180 58.060
62.030 48.950 15.100 87.270 48.230 83.070
95.520 54.090 53.840 25.570 52.260 36.150
36.920 76.340 18.220 6.640 12.120 50.140
96.460 63.850 47.760 41.440 12.980 69.140
38.630 34.070 77.500 21.780 54.880 67.580
33.410 16.150 76.590 33.580 40.610 89.780
90.890 35.590 70.900 29.750 3.820 57.070
79.130 90.360 19.230 35.010 68.760 39.410
43.150 17.450 10.100 35.660 74.860 54.720
95.790 9.770 85.270 24.780 87.290 15.200
45.410 21.080 52.460 88.690 1.490 7.730
11.880 58.280 42.450 35.900 41.910 33.140
2.490 58.240 78.260 13.370 0.640 57.730
19.290 79.640 98.360 77.820 11.130 89.970
2.500 55.040 11.500 88.840 72.150 92.560
97.440 98.620 89.840 34.440 27.450 74.570
33.400 70.450 12.620 68.500 79.470 72.340
31.740 36.320 77.920 23.380 35.490 30.840
30.390 26.470 14.700 36.610 79.360 73.470
39.210 75.770 9.820 4.160 66.570 18.470
32.020 57.220 24.650 31.610 52.330 58.840
31.370 34.390 52.000 25.590 51.850 6.420
3.350 84.320 23.010 88.750 16.540 36.590
2.020 32.500 33.100 35.760 28.960 77.890
84.460 37.990 81.500 82.130 26.500 11.170
96.480 80.900 55.630 19.740 79.340 77.800
43.680 18.470 58.770 61.900 81.220 87.780
65.080 5.540 61.670 60.080 41.130 57.340
8.760 35.300 79.520 19.730 23.850 41.380
37.160 10.700 94.780 39.950 66.500 26.820
29.360 59.490 86.210 22.670 76.670 28.610
99.290 91.060 96.920 69.420 70.310 33.820
72.620 65.470 60.000 69.760 83.360 32.810
19.600 47.920 82.910 89.120 49.100 36.270
41.450 85.370 41.660 14.700 61.690 29.860
21.560 72.560 89.640 23.300 8.300 50.130
99.150 93.450 37.890 84.870 90.330 32.830
63.610 49.080 81.980 82.670 79.000 22.620
64.840 86.190 95.970 62.850 75.470 83.550
99.150 10.530 7.930 52.030 82.850 66.970
76.260 44.990 81.810 86.350 52.060 96.970
82.240 61.110 71.380 36.840 11.560 56.290
99.650 51.340 63.250 36.820 53.360 85.640
98.580 86.940 33.800 95.380 15.600 63.840
49.120 84.120 69.910 92.910 10.700 85.230
87.160 10.370 21.770 64.760 0.510 60.560
7.220 4.190 32.020 17.180 36.350 39.470
5.640 89.980 83.880 97.820 22.160 12.700
91.330 44.250 20.550 7.770 35.530 21.330
41.170 67.420 84.120 83.340 58.440 58.360
7.250 2.480 19.280 59.800 48.280 11.980
16.660 53.830 4.170 84.990 51.470 46.720
87.970 55.350 41.770 13.580 86.580 84.690
90.500 70.090 32.490 26.710 83.980 90.820
19.690 42.740 90.610 23.040 36.300 99.010
38.620 17.260 29.100 75.340 92.620 49.990
90.770 63.950 49.790 55.220 42.720 49.120
57.050 4.430 8.350 64.100 22.600 45.260
66.970 97.730 33.690 73.150 73.670 42.970
33.570 49.270 21.000 6.980 24.640 32.190
38.050 35.090 39.550 57.930 63.610 78.990
87.570 85.590 51.210 97.240 6.780 92.970
88.070 93.140 32.050 84.050 11.590 22.450
13.900 94.160 27.550 93.780 16.980 6.790
50.220 49.190 62.330 5.590 52.380 14.720
3.320 7.780 21.870 25.030 65.420 43.560
75.100 65.940 10.490 70.480 14.260 47.120
38.400 39.970 71.620 84.220 73.390 23.680
92.200 45.300 31.510 68.570 68.330 63.290
77.180 7.740 56.100 98.800 74.200 4.480
44.070 19.230 27.470 70.600 3.780 35.060
21.220 6.680 24.050 45.620 34.370 70.670
81.180 49.990 12.710 97.680 87.470 91.940
56.880 90.060 24.110 26.840 18.010 88.780
99.250 16.980 54.690 5.280 96.750 4.710
22.920 40.460 88.680 61.510 16.540 47.570
13.770 26.220 28.850 11.150 12.390 65.410
51.430 18.000 75.110 26.420 14.860 18.020
26.550 4.700 90.910 4.780 16.810 96.150
29.560 3.150 95.730 13.000 32.330 21.720
31.270 56.120 66.690 77.300 49.260 13.880
16.020 26.170 73.970 18.040 93.170 87.440
72.800 91.020 14.020 9.500 80.200 75.940
72.650 2.660 17.480 14.960 11.120 22.070
63.150 14.220 98.810 3.460 0.120 96.630
20.230 6.690 10.580 61.570 27.390 2.840
98.010 14.340 85.620 83.530 49.120 78.680
2.220 36.550 95.360 89.510 27.730 16.350
99.240 85.540 94.320 56.760 0.650 17.030
6.230 84.170 57.890 36.370 32.610 81.010
99.330 11.200 53.800 5.810 1.060 71.390
44.630 87.730 63.510 42.360 72.620 86.420
64.730 81.760 75.460 75.530 28.240 6.040
41.180 92.420 32.080 99.830 43.800 33.140
3.740 70.150 13.170 56.840 60.470 63.730
76.670 22.700 71.850 40.940 65.070 59.240
37.060 76.110 78.310 70.630 4.490 49.290
39.280 10.890 21.890 95.490 37.700 90.290
86.410 12.690 42.880 90.550 13.170 12.100
48.630 58.810 2.330 7.050 53.810 90.960
86.490 3.590 10.450 47.740 92.700 30.820
94.870 3.640 63.940 15.050 0.730 13.070
57.980 28.030 21.240 84.500 26.650 63.170
50.500 18.340 64.820 78.840 28.460 99.790
2.900 95.020 17.160 90.110 77.350 13.340
84.770 42.770 42.570 95.800 62.980 39.460
2.020 36.150 52.610 68.910 44.840 91.670
73.920 99.590 86.630 81.920 16.330 86.690
86.150 30.960 76.880 51.980 31.170 66.720
63.580 43.000 12.290 33.700 9.640 13.730
80.040 50.380 61.560 57.460 43.020 13.960
43.010 32.130 96.310 84.310 48.810 57.900
59.320 82.630 39.570 97.070 42.210 91.880
91.170 16.910 30.390 1.800 12.890 48.990
90.390 66.210 21.910 6.040 83.430 13.200
61.890 55.470 19.450 4.370 3.900 4.560
32.090 57.150 35.200 63.350 80.910 59.670
1.490 34.320 69.780 81.560 82.080 95.190
86.200 6.410 94.610 6.040 17.390 11.710
7.150 29.650 42.520 69.440 56.980 76.860
54.630 14.250 66.830 39.250 43.610 71.470
30.700 0.820 51.120 45.800 85.040 49.770
40.770 72.740 44.450 47.470 26.070 4.350
49.250 27.360 53.840 62.780 37.980 20.780
59.330 12.610 82.730 62.100 68.420 63.060
87.860 28.900 79.210 38.780 65.200 69.380
98.920 47.250 88.560 38.610 14.990 89.700
50.510 0.370 55.430 21.330 60.870 3.760
44.610 7.390 98.780 49.160 20.200 38.290
7.900 22.030 18.940 10.620 14.410 3.530
38.220 1.430 35.270 50.590 66.240 93.700
17.110 7.370 84.610 58.040 76.330 54.710
40.160 81.070 68.690 74.220 38.090 95.610
59.290 80.980 38.450 51.590 37.430 6.750
99.250 51.690 55.360 35.430 53.050 55.490
50.210 68.850 66.960 36.880 77.790 76.220
23.840 21.890 54.610 4.060 0.950 13.950
5.800 40.670 3.540 15.150 31.400 61.900
86.230 24.620 56.860 4.350 38.490 27.210
81.670 75.330 86.920 9.570 99.600 32.470
86.450 74.640 18.150 88.290 78.370 47.380
54.030 91.100 41.650 17.700 17.380 46.210
5.850 17.470 52.840 71.970 59.770 84.580
94.720 56.220 90.870 53.320 85.660 47.030
67.030 84.580 11.940 66.020 33.240 51.760
42.790 94.770 30.080 10.940 67.610 83.700
62.170 12.150 74.630 18.280 53.610 52.430
41.310 25.940 25.540 10.230 51.370 17.260
82.400 90.610 64.530 59.850 99.940 78.010
85.400 19.550 31.380 94.760 48.550 72.090
86.340 90.180 2.810 19.550 67.080 35.340
37.060 79.990 17.220 49.980 64.580 14.100
8.780 42.310 48.730 40.010 47.930 56.930
58.940 85.470 17.300 99.590 59.420 84.810
40.310 12.530 90.640 32.730 57.910 94.900
33.310 70.800 20.100 20.030 89.670 74.630
43.630 16.710 60.330 73.040 99.810 31.570
29.470 36.640 0.300 61.640 98.280 63.810
90.520 8.060 82.570 12.720 73.920 77.080
53.290 2.610 8.870 26.130 42.620 90.170
56.040 11.460 23.270 87.450 86.190 40.700
70.920 9.230 56.790 85.190 55.260 14.300
68.320 20.730 63.710 30.220 22.340 87.410
63.720 69.390 54.150 74.130 81.730 41.850
54.630 88.570 8.600 68.770 51.520 76.770
54.290 34.430 80.490 88.070 95.580 8.190
46.860 73.200 73.880 72.350 72.280 35.170
24.850 33.390 80.790 69.240 5.720 80.110
88.680 49.030 89.790 28.750 27.760 22.200
36.520 76.800 81.360 85.680 9.130 12.950
66.070 97.630 52.960 78.540 37.430 10.540
28.590 86.060 69.140 34.980 1.940 5.230
12.100 61.720 20.300 78.680 14.010 89.300
30.270 87.390 32.570 74.320 41.800 67.850
31.130 6.180 72.840 48.480 18.290 42.240
53.380 69.340 40.150 40.290 25.220 14.890
6.790 1.700 74.700 84.250 13.010 68.070
70.100 76.000 89.240 10.980 43.270 94.860
94.910 49.640 42.570 13.770 71.820 84.410
2.490 9.270 50.650 19.040 74.210 32.500
28.750 88.300 34.180 27.590 33.260 80.130
47.350 22.770 19.620 93.610 67.210 68.420
39.490 16.080 21.890 29.160 57.720 33.850
54.520 2.770 93.400 25.670 25.880 58.650
86.320 25.130 92.910 87.480 20.700 81.540
50.310 94.300 1.810 33.470 48.480 44.350
32.280 94.750 18.290 84.580 75.210 62.460
4.300 26.410 37.840 57.420 87.930 60.610
17.030 13.230 90.550 7.580 56.330 59.290
46.190 20.490 1.540 22.010 92.900 80.280
84.710 77.670 35.720 7.730 1.130 49.700
32.000 91.430 28.100 85.060 86.410 30.920
46.750 65.910 95.290 1.700 3.570 0.570
25.910 9.960 91.820 47.830 83.580 33.200
84.810 85.840 27.020 90.270 29.530 65.270
0.660 66.780 0.410 39.420 32.960 37.860
9.490 9.480 73.000 67.610 86.680 10.890
6.670 68.040 66.070 68.610 97.050 6.200
7.570 75.660 96.250 97.190 18.220 75.220
22.820 71.720 77.550 6.910 87.890 29.650
29.240 57.850 94.390 40.400 32.300 35.500
4.780 50.540 93.040 96.090 14.120 89.310
96.900 35.500 74.070 37.210 96.010 35.320
28.180 6.070 7.470 33.320 19.220 83.650
24.100 54.540 57.040 66.170 37.470 10.860
6.070 11.030 23.290 41.630 30.310 92.780
60.200 45.420 60.430 12.750 77.960 96.090
40.430 86.570 47.560 30.330 50.290 76.080
27.560 0.650 47.930 88.860 29.350 6.810
2.350 41.090 57.510 55.890 0.920 79.830
17.910 94.100 93.400 63.950 41.570 91.010
7.770 78.260 86.200 29.530 67.490 56.680
3.540 69.520 71.550 34.130 66.760 84.890
77.910 23.320 91.200 3.950 83.140 15.200
96.330 50.780 78.870 52.960 19.060 54.380
69.650 10.250 21.290 92.630 1.350 81.670
79.620 47.940 78.310 32.260 30.250 65.330
80.920 1.270 40.830 88.880 26.470 7.870
51.910 70.580 63.010 14.990 17.980 42.820
76.790 81.490 72.050 24.650 91.220 71.570
19.580 28.340 54.090 81.350 36.190 34.310
73.060 19.630 92.880 42.260 13.260 57.300
43.370 51.100 6.060 80.180 30.430 66.290
81.360 63.680 86.520 14.870 43.890 28.850
77.530 28.030 93.030 81.750 64.560 4.330
76.170 12.700 0.940 57.870 71.010 35.940
58.700 39.030 56.550 44.450 98.080 37.770
52.310 38.030 6.310 21.200 78.400 38.410
48.360 82.260 62.740 20.960 35.740 21.020
88.440 75.560 52.040 27.900 75.330 41.030
81.860 84.390 59.870 54.850 35.610 32.890
31.390 90.580 65.410 19.550 88.690 54.860
7.770 10.570 17.470 40.170 75.160 72.440
99.910 46.780 68.080 39.780 25.280 82.880
61.170 56.810 40.600 58.600 19.460 14.880
41.950 65.480 56.260 81.960 83.220 54.000
33.900 34.500 63.730 61.950 43.350 98.260
73.050 26.360 88.610 29.180 56.660 29.560
14.350 83.100 94.580 2.320 9.780 99.460
94.870 32.870 18.470 60.780 0.130 2.430
43.370 86.300 36.750 45.610 13.730 49.710
93.720 9.170 4.180 9.590 22.860 29.380
29.300 45.560 91.380 21.820 23.020 6.720
19.410 19.670 1.490 28.130 60.920 21.530
8.240 98.290 66.730 54.280 36.750 60.610
30.220 59.600 25.340 88.010 65.750 24.110
39.920 90.290 86.510 58.130 59.510 43.040
30.240 32.050 38.850 88.510 88.520 67.410
0.070 76.940 3.130 57.220 46.490 69.980
29.630 87.540 2.660 41.860 17.810 2.300
35.710 86.810 78.010 79.230 82.910 0.020
86.550 41.310 77.060 0.000 92.360 41.340
32.050 37.530 57.060 27.390 3.850 60.980
69.220 11.760 56.850 92.510 45.270 26.260
31.250 69.900 35.190 59.390 59.230 33.180
71.410 41.340 65.570 5.050 62.890 27.980
11.030 33.610 53.480 95.280 36.120 78.350
59.590 1.650 19.570 67.590 8.440 18.830
90.380 38.070 49.000 46.670 79.670 74.850
32.510 81.230 72.000 92.590 21.750 46.620
87.170 15.230 47.400 58.290 77.890 67.770
80.380 29.150 66.200 70.140 65.570 49.010
25.380 64.270 28.970 96.830 50.050 25.090
50.640 67.780 9.110 65.020 17.590 95.770
91.540 40.410 61.640 9.710 37.540 42.470
66.000 43.260 12.810 99.570 4.740 20.210
63.180 50.240 4.210 21.620 35.280 4.850
27.250 6.020 11.480 75.720 40.090 79.970
87.740 7.200 68.510 44.130 67.620 37.390
83.290 49.320 56.750 85.550 34.720 85.040
75.250 79.510 40.040 28.760 56.500 52.910
79.280 72.980 86.950 6.290 93.530 38.840
18.850 9.870 10.600 49.760 32.310 98.090
11.760 30.400 84.060 14.890 91.020 1.040
80.720 18.540 18.740 5.340 32.730 46.350
62.800 50.640 17.640 83.960 13.690 96.530
32.440 64.900 71.070 87.200 91.870 43.220
56.520 89.230 17.450 88.430 3.520 83.370
9.760 31.940 99.400 45.330 26.370 88.210
60.500 92.000 1.370 35.010 87.990 93.560
17.030 4.070 48.350 52.750 82.750 82.620
97.740 92.760 5.480 81.010 53.480 40.330
84.720 67.440 72.240 18.440 76.180 20.600
21.010 43.970 68.290 32.560 48.740 12.430
57.420 51.560 19.450 98.540 43.840 50.180
48.910 37.850 88.610 41.570 26.530 50.370
27.240 55.060 42.600 93.800 91.630 96.370
95.420 77.560 17.170 75.930 12.240 6.610
75.150 75.410 75.170 99.610 34.520 93.910
71.580 66.340 65.660 75.090 92.670 87.840
28.980 18.810 97.860 89.260 54.730 80.270
70.670 65.220 95.140 80.670 61.030 20.890
24.380 85.350 12.220 29.770 70.400 28.840
95.030 99.780 16.950 23.440 8.990 42.790
57.920 31.780 37.300 81.160 87.830 20.650
43.320 12.450 76.860 29.770 26.550 40.440
97.110 8.590 23.400 25.540 96.600 89.350
54.340 30.640 44.220 5.300 17.650 19.320
36.530 52.890 31.100 71.670 35.800 22.240
59.760 78.710 88.310 98.650 52.740 99.550
76.440 16.670 22.670 34.520 85.900 43.600
28.310 32.450 33.210 95.970 17.550 32.670
65.340 26.930 84.560 22.990 10.780 55.580
27.160 68.260 39.130 66.430 98.880 78.960
84.810 96.510 86.640 75.080 80.570 12.570
17.540 98.560 76.510 9.800 64.980 68.430
94.240 35.580 61.390 64.940 8.020 41.380
33.220 99.350 31.100 92.800 12.580 2.130
35.180 54.810 86.200 40.340 47.160 61.370
28.310 13.880 80.240 73.830 79.660 25.860
26.940 7.840 63.170 10.330 34.970 72.730
68.230 28.790 39.950 75.230 85.940 73.300
44.320 18.550 12.430 66.680 82.850 22.520
22.080 74.450 58.770 61.180 16.040 84.370
58.610 44.760 62.840 68.170 68.240 55.450
80.910 79.940 74.700 35.400 9.300 57.570
70.790 97.030 93.920 65.690 29.190 93.480
26.490 2.350 53.180 71.790 51.240 4.490
18.640 84.870 90.550 22.480 16.060 89.580
96.150 22.660 7.090 8.230 32.300 82.060
60.950 33.610 7.980 59.990 32.910 15.120
68.640 81.030 12.130 1.960 10.550 22.950
83.070 44.200 74.310 18.430 4.240 0.030
54.140 33.790 81.120 75.610 20.700 55.850
70.410 74.340 92.170 53.400 67.130 30.680
78.230 50.300 24.990 12.930 89.930 30.570
83.230 24.940 74.240 63.650 25.470 50.920
10.870 61.160 70.590 4.700 91.440 12.540
24.150 17.210 5.200 26.840 39.130 8.540
82.360 83.340 86.790 32.150 59.130 56.140
42.550 10.790 2.970 44.680 54.220 68.660
68.790 67.190 93.190 20.830 19.890 3.800
86.330 48.650 66.260 76.110 5.710 41.730
47.800 59.670 30.800 90.250 98.620 61.940
35.160 95.890 89.040 58.650 64.280 21.820
63.640 6.760 86.370 55.440 51.190 59.010
83.150 64.970 84.810 64.430 28.620 11.330
79.390 55.980 9.540 49.380 55.840 4.310
7.240 31.760 49.030 70.130 76.450 81.840
44.140 60.830 92.490 4.070 10.360 53.050
88.220 74.640 24.790 65.360 19.960 29.420
80.330 83.560 18.690 27.180 75.590 36.050
2.020 85.560 85.890 26.000 92.370 56.480
6.240 94.840 31.640 67.980 69.440 85.010
54.580 77.220 43.510 45.720 89.890 93.200
48.820 16.180 43.970 16.550 17.190 12.740
16.540 59.100 65.790 11.180 8.420 77.780
72.280 92.430 2.480 15.240 26.440 0.910
63.790 98.580 88.940 46.290 37.310 42.370
49.950 12.650 24.060 64.190 35.630 38.740
90.380 99.360 83.800 33.160 56.490 47.450
77.670 66.090 29.680 31.640 7.020 12.920
56.640 66.900 8.580 33.460 32.930 29.650
90.690 72.370 58.950 14.780 59.970 24.260
79.430 27.430 1.570 65.150 76.050 49.560
22.350 44.170 51.530 45.850 91.990 86.820
79.480 3.000 66.030 55.190 89.140 24.980
64.880 63.440 31.380 0.830 93.310 15.100
63.900 41.990 42.900 55.580 52.020 40.320
11.500 80.620 8.040 43.230 13.920 83.790
99.080 49.800 60.080 32.360 8.510 6.110
86.740 89.630 5.240 99.690 29.600 67.690
66.600 57.620 83.940 42.790 85.830 73.970
75.930 90.620 8.410 18.320 44.480 24.580
28.020 43.380 89.660 5.820 56.090 49.220
86.730 47.270 29.650 95.080 78.470 62.740
10.050 54.650 12.770 4.120 18.090 89.780
69.300 35.430 14.880 44.590 22.020 75.300
44.840 57.330 78.880 70.830 72.310 78.680
28.610 65.810 97.550 83.340 85.260 68.800
9.980 14.800 55.830 93.500 6.580 43.430
52.950 9.800 83.030 97.250 24.140 62.940
33.710 38.000 24.250 34.580 52.660 65.130
66.430 43.410 16.900 60.880 0.150 13.980
96.640 10.800 79.470 99.320 50.180 12.730
26.340 71.120 79.080 10.370 18.790 43.440
22.090 60.850 51.840 65.360 76.010 2.330
32.860 96.050 83.380 2.040 68.130 72.300
54.830 33.500 89.370 22.330 30.610 18.770
33.810 96.620 51.920 26.600 3.810 60.220
29.210 57.080 79.370 5.890 59.000 16.520
87.870 96.780 27.120 30.940 71.130 74.720
40.050 11.260 89.970 54.230 27.680 84.360
98.870 78.680 60.270 83.250 93.270 96.960
32.890 30.660 36.710 71.160 17.710 53.220
85.130 4.550 38.830 80.900 25.870 3.980
88.790 95.120 95.420 18.400 43.700 66.340
38.230 91.210 43.040 69.300 78.360 45.080
22.870 11.360 39.830 49.350 20.370 69.670
99.170 71.690 35.260 93.390 85.230 23.180
7.160 37.440 69.310 59.990 47.890 2.870
41.110 4.200 32.290 84.060 67.800 2.140
96.180 37.780 53.280 78.220 83.330 93.880
63.350 57.390 14.700 88.780 45.730 58.580
3.190 46.860 81.410 33.160 37.230 58.070
65.310 28.620 85.840 77.760 7.180 48.590
55.670 44.330 91.750 0.890 3.780 58.570
48.280 93.030 19.260 65.050 15.580 90.620
5.790 50.900 23.440 90.000 35.490 46.980
74.530 93.620 90.080 28.590 23.020 98.570
96.900 54.460 80.390 66.350 12.240 80.150
29.970 63.010 67.540 6.480 37.880 5.390
40.440 57.190 26.220 14.520 33.460 97.370
56.560 85.930 29.540 17.700 56.600 38.970
91.750 84.510 76.530 55.020 37.310 77.210
52.960 60.940 5.450 24.070 64.500 51.820
59.760 16.020 16.100 35.320 11.150 69.170
97.460 20.060 21.780 82.100 77.830 45.010
54.400 29.310 66.760 26.270 85.130 13.200
48.170 3.010 19.000 91.260 26.920 97.040
11.300 63.640 61.960 5.750 70.520 11.060
32.900 8.520 84.080 70.960 41.620 84.950
50.560 82.400 25.930 10.140 17.110 30.590
10.880 53.040 83.550 61.210 88.020 72.110
74.460 76.890 75.050 52.760 75.830 38.580
21.640 64.160 4.460 48.590 46.570 8.220
4.490 67.510 74.720 2.990 98.990 24.700
35.720 14.730 99.270 97.280 35.800 37.350
56.850 97.590 16.060 96.020 46.270 0.860
97.510 57.980 79.490 64.040 55.370 7.480
7.120 94.780 15.410 69.090 91.720 31.670
86.800 1.010 58.140 56.290 1.330 99.970
23.540 35.870 58.270 74.950 15.370 14.780
76.690 39.780 91.440 94.780 35.380 44.800
27.050 51.960 27.410 24.210 52.250 69.460
12.950 92.270 65.070 24.960 49.490 94.310
7.200 76.080 57.330 24.270 91.110 72.680
18.730 32.120 27.460 20.360 32.510 85.800
6.690 91.510 51.360 58.990 10.030 56.360
55.520 6.880 56.190 20.220 52.420 40.080
45.700 97.410 96.380 98.340 29.280 10.390
1.350 13.990 99.670 21.490 74.950 15.430
33.480 59.690 18.200 70.940 66.790 43.430
92.530 99.700 64.970 69.940 63.370 86.350
2.480 38.690 14.790 21.220 11.150 19.110
60.550 48.630 69.620 3.070 6.030 77.480
50.590 64.440 33.460 74.150 21.130 88.690
91.460 65.320 95.320 25.070 93.660 89.820
61.440 92.900 94.710 47.340 44.530 59.400
46.430 72.820 53.450 83.790 87.570 78.300
50.630 83.000 62.000 48.510 38.790 16.170
9.420 35.270 14.270 78.820 41.970 75.190
41.100 20.720 66.690 57.850 37.540 52.730
99.440 76.320 28.760 18.850 55.980 78.490
49.830 53.840 87.170 77.340 22.070 62.090
62.780 67.120 71.630 36.580 1.100 79.930
94.430 46.650 46.860 56.850 5.690 45.870
48.410 67.160 73.640 68.660 90.470 91.320
98.330 13.360 59.930 49.060 73.940 69.120
37.000 21.790 30.910 5.290 29.520 35.850
84.620 43.370 67.000 42.230 39.010 69.850
45.020 45.320 70.970 60.370 14.250 44.490
88.430 60.620 6.090 98.290 68.670 81.480
91.970 41.420 9.310 64.310 72.510 32.590
17.140 85.700 66.210 29.900 10.200 36.880
90.750 22.630 53.920 32.610 38.750 73.690
33.750 83.620 6.210 92.860 38.480 89.030
90.040 51.640 37.920 89.080 99.910 11.450
59.740 97.200 9.610 22.220 7.330 13.040
46.320 46.660 80.580 85.410 2.410 16.350
64.990 70.730 61.760 9.090 23.900 21.880
52.090 64.510 11.280 54.640 1.310 4.280
52.580 43.210 58.910 41.850 78.880 62.670
38.920 42.790 73.210 22.450 73.310 88.080
97.880 48.570 86.540 41.440 8.710 69.550
33.900 80.490 43.490 88.350 46.730 2.530
72.680 52.270 8.120 61.600 15.440 62.580
42.610 44.920 33.360 25.160 7.940 33.310
30.010 88.480 46.540 34.980 61.230 51.930
40.140 73.780 62.940 32.930 6.640 41.140
54.100 26.870 37.540 58.450 23.470 44.210
83.040 37.390 66.270 85.800 24.720 74.090
44.000 31.170 63.750 19.180 94.580 66.750
26.860 0.510 72.380 72.130 35.870 63.450
68.730 38.030 8.520 14.770 7.050 87.010
27.390 55.380 40.360 75.790 95.790 16.230
86.620 75.020 28.680 39.140 89.900 9.080
29.970 57.350 78.110 6.060 96.280 28.410
70.670 71.540 35.560 57.290 38.080 34.740
54.180 95.730 31.460 9.020 71.400 94.410
29.310 69.510 15.610 68.040 41.380 94.740
9.220 92.760 74.830 12.330 42.360 30.510
15.790 63.290 47.720 93.940 16.200 14.520
65.220 47.340 24.170 25.750 37.570 99.940
69.150 66.060 24.400 75.820 38.660 77.460
6.750 79.320 66.310 42.080 58.090 26.540
75.010 91.970 79.420 23.750 64.270 82.110
64.420 88.300 8.110 75.940 64.460 56.910
78.660 42.430 19.020 22.740 14.840 14.050
71.070 66.220 11.950 70.230 70.850 3.610
12.420 93.170 9.040 17.950 3.440 92.260
94.980 85.380 42.340 65.940 4.670 5.410
46.920 47.840 59.760 25.720 98.290 23.590
90.980 94.560 7.420 43.430 92.130 51.450
78.720 11.130 27.790 46.910 51.630 29.580
3.840 98.670 86.400 21.740 81.360 59.890
40.070 81.960 88.170 10.950 51.790 21.980
4.830 13.090 73.330 57.090 51.610 65.290
85.380 48.500 61.460 38.350 23.540 98.400
5.030 41.340 18.060 12.500 65.560 67.440
37.110 24.910 29.630 97.590 66.820 76.870
90.280 61.070 55.230 50.200 59.980 39.650
73.180 24.300 77.940 46.810 79.070 9.390
94.350 48.020 63.070 84.550 63.690 9.620
70.800 40.940 72.380 15.050 45.950 59.420
17.810 10.910 21.260 84.110 84.760 90.400
64.830 13.650 35.630 3.080 30.420 8.090
27.930 89.830 31.700 84.440 70.380 43.550
36.770 5.320 92.460 99.210 65.440 11.530
58.560 14.260 0.360 33.730 41.660 55.790
6.640 17.150 82.860 89.650 50.840 51.470
55.760 23.430 46.360 81.290 58.080 17.670
0.0 0.0 0.0 0.0 0.0 0.0
