Road #1:
41.02 -15.77
-3.57 43.85
44.74 -64.57
-29.77 -69.41
-68.91 31.11
55.41 89.26
-43.54 -31.22
-23.80 -29.00
49.51 -44.17
20.90 -13.16
-69.81 -25.63
42.34 20.24
-69.42 -0.50
-3.93 -45.33
13.13 70.75
-21.82 44.50
53.86 -56.05
-11.18 80.59
-45.37 -76.60
22.38 17.74
31.94 60.25
14.03 27.56
20.09 -61.30
14.79 35.30
-45.32 52.94
1.20 -13.03
16.86 -1.75
-1.48 -22.70
-39.67 27.28
53.74 12.94
15.61 -63.34
-38.00 -41.37
34.75 48.04
-81.17 -44.52
6.24 2.50
22.81 -49.85
-47.75 55.86
61.37 75.56
-14.16 -1.59
-56.18 7.62
-22.39 24.79
-65.13 16.35
73.32 20.91
-46.63 -57.89
-64.24 3.27
85.58 40.55
-44.30 -8.51
-51.23 -92.83

Road #2:
-84.32 -71.47
-62.72 -74.95
-51.31 -71.35
-62.14 -52.33
-61.03 -36.00
-43.09 -23.47
-25.16 -10.93
-7.22 1.60
10.71 14.13
28.65 26.67
46.58 39.20
64.52 51.73
82.46 64.27
81.08 59.63
66.54 43.29
51.99 26.94
37.44 10.60
22.89 -5.75
13.65 -24.64
9.98 -46.21
6.32 -67.78
-2.79 -78.49
-11.79 -59.97
-17.64 -38.89
-23.48 -17.80
-29.32 3.29
-35.16 24.37
-41.00 45.46
-46.85 66.55
-45.66 64.35
-38.86 43.55
-32.05 22.75
-27.27 3.83
-48.51 9.08
-69.75 14.33
-90.99 19.58
-92.28 39.96
-91.08 61.02
-70.94 52.48
-50.79 43.94
-30.65 35.40
-10.50 26.85
9.64 18.31
29.79 9.77
49.93 1.23
70.08 -7.31
57.60 10.56
45.05 28.49
32.51 46.41
19.96 64.34
7.41 82.27
7.48 83.32
21.11 66.20
34.74 49.08
48.37 31.97
62.00 14.85
75.63 -2.27
89.26 -19.38
73.25 -5.79
56.63 8.44
40.01 22.67
23.38 36.89
6.76 51.12
-9.86 65.35
-26.49 79.58
-43.11 93.81
-23.25 93.34
-1.41 92.06
20.44 90.79
42.28 89.52
64.12 88.25
82.77 85.50
69.70 67.95
56.62 50.40
53.38 29.81
54.21 7.94
55.04 -13.92
55.88 -35.79
56.71 -57.65
57.54 -79.52

Road #3:
98.33 32.61
-12.32 -41.73
-90.88 -58.52
-37.76 44.30
44.35 -36.30
13.16 -70.14
-42.50 9.25
-69.32 -33.57
28.20 6.60
84.00 -22.55
4.64 53.01
12.34 59.85
41.03 59.06
-80.08 27.54
-8.00 -2.03
-61.11 -72.94
-54.26 60.19
32.73 -29.58
-17.80 2.31
-4.09 77.70
55.55 -17.45
28.83 -32.88
-52.19 32.04
20.98 -61.10
58.71 20.05
74.12 49.40
-14.22 -50.42
25.38 -50.32
-63.93 47.10
-29.15 33.83
45.73 -76.46
67.61 -69.08
29.45 -3.95
-66.59 12.95
-43.28 -40.23
-9.65 -7.39
16.97 6.81
-6.18 56.53
-39.76 5.51
-69.58 -39.82
12.97 -33.50
77.53 -2.29
92.20 69.08
63.45 -61.08
17.59 62.30
-94.15 95.42

Road #4:
53.70 26.96
7.69 70.60
-58.39 18.42
-62.90 66.38
-77.25 61.83
-28.31 -69.83
-29.93 -36.15
69.55 32.85
-27.20 -5.05
-46.67 -86.10
-57.89 70.15
-51.11 -64.87
31.24 28.69
-3.64 28.88
20.90 -9.53
2.87 -47.27
72.57 16.59
-2.76 -35.20
-80.35 -0.58
71.01 -51.80
22.11 -13.71
17.43 0.33
55.24 28.74
-35.13 34.45
67.28 -9.59
-1.32 -26.48
-67.42 56.76

Road #5:
-54.10 88.08
-29.63 86.41
-5.16 84.74
15.66 75.98
31.26 57.06
46.85 38.13
62.45 19.20
78.05 0.28
74.94 -7.85
50.75 -3.80
26.56 0.24
2.37 4.28
-21.82 8.33
-46.01 12.37
-70.20 16.42
-81.19 22.51
-59.35 33.68
-37.52 44.85
-13.89 49.64
8.75 47.80
22.28 27.35
35.81 6.89
49.34 -13.56
62.87 -34.02
76.41 -54.47
88.69 -54.05
92.85 -34.94
69.61 -27.10
46.38 -19.25
23.14 -11.40
-0.10 -3.55
-23.33 4.29
-46.57 12.14
-69.80 19.99
-65.54 25.69
-41.37 29.85
-17.20 34.01
6.97 38.17
31.14 42.32
55.31 46.48
71.76 48.01
50.08 36.54
28.40 25.07
6.72 13.61
-14.96 2.14
-36.64 -9.33
-58.32 -20.79
-80.00 -32.26
-97.42 -44.14
-78.35 -59.57
-59.29 -75.00
-62.31 -53.18
-66.70 -29.05
-71.08 -4.92
-75.47 19.21
-79.85 43.34
-84.24 67.47
-88.62 91.60
-72.70 78.00
-54.98 61.05
-37.26 44.10
-19.53 27.14
-1.81 10.19
15.91 -6.76
33.64 -23.71
51.36 -40.66
69.08 -57.62
86.80 -74.57
68.15 -63.28
47.34 -50.31
26.52 -37.34
5.71 -24.37
-15.11 -11.41
-35.92 1.56
-56.74 14.53
-67.65 28.16
-48.73 43.75
-63.04 52.85
-86.44 60.17
-72.37 55.98
-48.89 48.89
-25.41 41.81
-1.93 34.72
2.32 11.05
5.89 -13.22
9.46 -37.48
11.52 -57.34
-0.58 -36.01
-12.68 -14.67
-24.78 6.66
-36.88 27.99
-25.47 43.45
-4.77 56.60
15.94 69.75
36.64 82.90
53.47 85.40
60.89 62.02

Road #6:
15.33 3.94
25.15 -5.61
-21.53 -14.90
1.46 65.86
80.84 -36.85
85.99 78.99
-67.39 87.75
-20.72 -24.14
-20.11 -24.27
-23.98 55.46
27.15 44.16
-56.99 13.39
-3.33 45.40
-41.30 37.57
-77.48 -4.38
-28.77 -62.57
-56.38 31.29
66.28 58.80
-14.42 -32.65
-16.20 82.39
57.58 46.61
32.48 17.12
15.14 69.66
14.08 -64.47
6.84 21.40
-64.11 -39.16
52.36 -86.82
16.11 64.89
26.14 -23.17

Road #7:
53.69 -20.89
-8.09 -7.59
64.68 -32.06
43.88 -75.88
11.62 -14.48
-55.09 -15.18
-47.38 -47.22
4.42 50.56
-29.26 85.09
-49.24 6.95
23.17 -76.72
-12.92 14.90
-32.70 55.51
1.36 -49.77
-24.59 -16.16

Road #8:
68.09 -81.60
-83.70 -66.33
71.55 -46.07
-72.96 -47.59
72.84 33.88
-46.42 83.31
-21.35 -81.81
-97.28 28.86
38.22 -53.16
-15.06 -70.88
-81.65 82.28
43.36 34.73
19.83 45.34
20.95 17.53
-51.48 -48.23
-55.76 82.57
56.65 0.76
77.60 -35.95
-0.96 83.62
6.17 84.34
-32.17 43.64
-11.31 -14.29
-18.54 -77.22
46.47 -55.10
10.48 60.50
-43.74 -22.96
65.69 -64.02
-46.76 12.09
-1.44 -58.88
-41.07 30.34
-46.72 -44.23
-45.31 80.38
-48.66 -16.39
50.36 18.10
41.53 -64.92
-73.57 56.11
77.16 27.19
-59.01 -22.25
-20.12 -59.38
54.09 -11.94
22.17 21.78
24.57 50.61
64.36 -1.73
-66.44 -53.48
16.85 60.13
-36.99 47.37
4.57 -47.35
-19.01 26.29
-7.98 3.87
27.57 17.09
-48.17 -72.92
-76.45 -10.98
-13.02 55.55
-62.61 63.00
20.18 0.66
-77.73 90.88
83.65 47.85
25.83 30.04
14.68 -21.13
-7.62 75.66
-15.77 -57.74
-38.24 78.84
74.48 -44.39
-61.84 28.88
-50.09 43.17
19.90 1.49
-19.66 42.12
-7.56 -21.78
59.63 -69.17
-72.27 33.29

Road #9:
-7.28 89.12
53.39 -20.05

Road #10:
92.52 92.85
54.71 53.63
16.90 14.42
-20.91 -24.80
-16.08 -46.41
38.38 -47.54
74.58 -48.37
21.17 -58.57
51.41 -63.89
41.83 -28.92
13.30 17.48
-15.23 63.89
-21.17 66.01
-0.35 15.67
20.46 -34.67
62.78 -63.44
96.29 -64.64
82.92 -11.83
41.01 7.98
-13.17 13.61
-67.36 19.23
-67.50 11.79
-16.73 -7.97
34.03 -27.72
73.80 -32.29
70.88 22.11
67.96 76.51
30.13 64.57
-16.36 36.18
-13.94 8.92
33.82 -17.29
45.53 -44.75
-0.28 -74.22
1.69 -76.52
12.13 -23.05
22.56 30.41
33.00 83.88
32.89 37.49
31.94 -16.97
46.02 -19.77
74.45 26.70
40.03 17.77
-9.64 -4.60
-59.31 -26.97
-91.22 -36.83
-82.47 12.42
-88.05 66.61
-81.91 81.02
-57.23 32.46
-32.54 -16.10
-7.86 -64.66
-15.03 -37.18
-23.96 -0.18
-39.04 -23.39
-45.87 -31.76
8.18 -38.54

Road #11:
12.20 79.13
41.92 33.23
-14.81 10.11
-1.67 -37.93
59.20 -85.90
17.19 -77.03
4.78 -24.89
35.96 46.06
-11.60 81.05
-28.92 83.70
-40.09 12.81
-12.40 -23.77
63.95 -10.52
23.12 47.06
-24.49 91.42
-17.63 25.67
22.77 -40.46
18.91 -50.16
-35.69 4.83
-10.29 -41.67
40.60 -95.99
72.60 -25.42
57.14 -8.72
0.73 16.94
-48.90 27.03
-73.29 -46.52
-71.02 -91.79
0.97 -63.10
70.28 -34.47
-2.95 -9.13
-68.48 7.96
-48.36 -66.88
-51.73 -38.47
-65.97 37.71
-52.23 88.89
25.06 83.28
-41.11 81.95
-79.82 38.67
-45.27 -30.70
11.04 -21.82
39.95 0.18
-30.88 -31.26
-41.38 -37.55
7.18 -13.20
-51.40 -10.91
23.66 -18.38
4.10 51.79
-72.20 65.33
-30.42 75.68
46.50 85.07
89.10 58.18
83.99 -19.14
83.47 -69.77
45.13 -5.63
10.90 47.15
77.16 6.97
10.23 18.53
-65.78 33.62
-64.19 -25.08
-57.39 -56.84
-80.13 17.24
-73.39 68.88
-0.72 41.98
34.01 18.02
-41.95 2.67
-76.60 -10.97
-13.12 -44.39
20.40 -67.77
12.83 9.35
5.27 86.47
-30.07 41.45
-66.06 -24.12
-3.46 -49.88
31.84 -10.69
-5.23 37.01
71.15 23.95

Road #12:
2.19 80.84
7.46 40.57
12.73 0.29
18.01 -39.98
23.28 -80.25
40.10 -59.07
59.64 -23.46
79.18 12.15
66.48 34.90
27.80 47.30
-10.88 59.69
-46.84 68.18
-48.66 27.60
-50.47 -12.97
-52.29 -53.55
-51.27 -77.43
-59.86 -40.03
-77.17 -3.28
-94.47 33.46
-76.32 4.46
-55.13 -30.19
-33.94 -64.84
-3.39 -83.43
37.20 -84.78
77.80 -86.13
84.65 -70.32
59.65 -38.31
60.55 -28.01
92.85 -43.66
71.52 -9.10
36.29 -2.96
-4.09 -7.36
-30.39 -11.90
9.89 -17.10
50.17 -22.30
81.03 -17.93
76.49 22.43
71.94 62.80
53.99 42.04
32.96 7.29
11.94 -27.46
-9.08 -62.22
-22.98 -81.87
-9.52 -43.55
3.94 -5.23
17.40 33.09
30.86 71.42
40.27 89.49
37.96 48.94
35.64 8.39
31.55 -27.85
1.28 -0.77
-28.99 26.31
-59.26 53.39
-76.03 70.31
-41.64 48.69
-8.02 60.54
-9.09 89.43
-16.40 49.48
-23.71 9.52
-31.02 -30.43
-38.33 -70.39
-45.01 -78.04
-50.76 -37.83
-56.51 2.38
-26.16 8.73
14.33 5.56
54.83 2.39
95.32 -0.78
62.65 7.49
23.12 16.84
-16.41 26.18
-55.93 35.52
-79.23 39.20
-42.47 21.92
-5.72 4.63
31.04 -12.66
67.79 -29.94
58.64 -67.20
47.89 -64.37
39.74 -24.58
39.22 4.40
72.77 -18.50
82.35 -40.02
46.40 -58.92
10.45 -77.82
-25.50 -96.73
-12.42 -66.94
6.74 -31.13
25.90 4.69
45.05 40.51
17.42 60.27
-19.68 76.79
-56.79 93.31

Road #13:
60.45 51.59
-29.32 -5.90
-49.03 -52.90
53.65 -81.54
32.51 1.77
56.89 -11.22
11.86 -41.68
-45.29 -48.36
-4.00 1.62
53.12 19.11
-47.08 55.47
-50.73 38.43
-82.67 -16.60
-0.19 50.94
-63.52 -3.58
-79.26 60.40
-84.52 -20.64
-30.14 -73.95
-40.15 -14.93
-3.14 61.73
-68.60 51.36
-21.44 -38.81
-6.93 -81.73
56.63 -31.17
20.41 69.09
8.70 16.68
-22.48 -47.62
-77.22 -10.46
24.01 22.92
75.34 30.29
-10.00 -33.59
-87.01 -75.86
-67.15 -58.92
-44.50 -13.75
-42.14 90.78
2.01 -6.25
39.33 -65.62
-6.32 -90.63
-18.88 -42.70
9.42 -37.84
-10.63 -32.78
-94.12 18.84
-79.74 59.75
-38.60 -38.60
17.40 10.75
77.31 98.92

Road #14:
55.14 -41.67
-60.22 -74.86
-31.73 54.54
-65.72 7.66
18.37 10.57
-17.02 3.50
26.20 40.06
-23.98 49.56
-76.53 28.09
49.29 -21.08
20.67 -53.27
-9.80 35.31
75.04 2.60
-52.91 45.94
29.50 -10.52
1.17 -80.73
58.20 -44.14
6.64 15.39
-36.20 -81.63
5.04 -34.28
-65.02 81.22
-10.19 35.22
-39.56 43.12
-35.55 19.40
-11.29 79.17
58.19 61.02
38.48 -19.10
-40.69 -62.60
12.99 61.36

Road #15:
93.00 -12.82
88.04 22.12
81.67 5.91
74.79 -28.70
67.91 -63.32
55.70 -85.80
25.55 -67.45
-4.60 -49.10
-34.75 -30.75
-64.90 -12.41
-93.89 5.94
-63.61 24.06
-33.33 42.19
-18.33 37.71
-21.71 4.14
11.42 -8.01
44.56 -20.17
76.40 -34.52
93.41 -43.75
80.53 -10.89
67.66 21.97
54.79 54.83
41.65 83.33
24.95 52.24
8.26 21.14
-10.46 -3.20
-19.25 -2.31
6.65 -26.29
32.54 -50.27
58.43 -74.26
51.22 -59.10
31.87 -29.58
7.12 -28.17
-21.78 -48.43
-50.67 -68.68
-50.76 -80.80
-15.53 -82.94
19.69 -85.08
54.92 -87.21
46.01 -58.81
31.58 -26.60
17.16 5.61
2.74 37.82
-2.86 56.54
20.89 30.43
44.64 4.32
68.39 -21.78
90.22 -46.86
55.37 -41.27
20.53 -35.68
-14.32 -30.09
-49.17 -24.51
-84.02 -18.92
-62.94 -19.20
-27.69 -20.96
7.56 -22.73
42.81 -24.49
64.47 3.05
85.91 31.09
87.84 48.05
52.78 43.98
30.22 62.04
46.56 89.29
44.92 69.40
35.49 35.39
26.06 1.38
16.63 -32.63
5.66 -64.37
-29.42 -60.52
-23.22 -60.61
11.96 -63.46
47.13 -66.31
82.31 -69.16

Road #16:
18.18 -87.26
48.03 -37.16
77.87 12.95
87.63 -13.16
88.89 -71.46
75.20 -67.57
38.68 -35.58
-19.18 -42.88
-44.30 -7.44
-52.33 50.33
-39.82 19.05
-21.74 -36.40
0.62 -69.38
43.60 -42.06
63.69 -55.83
9.13 -76.43
-43.39 -96.56
14.72 -91.54
72.82 -86.51
61.08 -68.70
38.82 -40.80
42.12 -10.60
-10.34 14.87
-62.80 40.34
-73.60 50.23
-16.26 39.92
38.24 20.52
82.88 1.68
73.92 30.98
16.24 22.34
29.37 55.44
38.56 -2.15
9.58 -23.81
-34.01 6.80
-68.46 35.00
-50.81 -19.31
-47.05 -77.51
-19.82 -70.06
20.00 -27.45
59.81 15.17
62.72 59.42
15.31 65.70
-13.75 25.39
-20.32 -30.71
5.47 21.59
23.02 43.34
34.55 -13.83
-21.36 -17.67
-79.64 -19.62
-52.50 -11.00
4.50 1.33
-0.67 7.18
-58.99 7.51
-87.79 43.06
-78.99 50.35
-48.25 0.80
-17.50 -48.76
11.34 -48.02
38.25 3.72
65.16 55.46
34.61 46.52
-15.59 16.84
-55.70 -5.90
-10.01 30.34
35.68 66.59
-13.42 52.27
-38.26 22.37
12.76 18.97
39.05 0.82
23.41 -55.36
16.36 -4.45
9.88 53.51
-40.30 68.05
-90.69 69.36
-63.75 19.65
-7.63 3.78
39.61 25.35
82.65 64.72
75.98 47.93
35.38 6.84
-10.25 -29.48
-55.88 -65.80
-11.75 -40.29

Road #17:
-18.34 88.60
68.75 70.49
14.66 26.50
24.76 -12.97
-22.65 -10.28
6.84 -39.11
-83.00 74.18
-24.97 5.28
2.21 29.52
75.58 42.06
15.36 -4.88
11.12 -50.07
-19.65 89.06
38.89 29.67
40.06 -87.70
14.00 -76.20
41.52 -82.85
51.03 4.95
74.40 -34.49
-68.27 -45.40
62.82 2.80
-17.10 51.36
92.46 -42.98
33.37 -37.52
-14.79 79.62
-69.93 -54.03
47.93 7.25
13.40 40.38
-64.83 -2.25
-90.48 30.56
-92.97 -65.11
-33.91 36.53
-38.47 89.22
29.12 34.77
-22.96 56.32
69.77 0.10
25.42 49.07
-83.55 50.87
-95.48 10.58
17.41 71.61
79.63 7.80
54.00 -26.96
-42.13 81.03
31.58 -19.85
20.22 -7.32
-49.07 78.86
-50.97 -35.19
-30.48 -32.52
-24.49 -62.80
34.07 69.39
55.61 -13.35
1.91 96.53
-60.50 -33.88
-57.75 0.41
-1.25 34.82
35.99 -47.18
8.18 -66.23
88.17 -4.91
18.38 79.83
7.72 -14.60
58.19 41.86
-10.16 -63.99
-81.69 18.83
-39.07 10.77
-66.98 59.91
66.69 4.81
-6.88 -33.84
34.00 60.66
-50.04 -56.99
-50.74 -4.47
4.21 67.19
96.26 -44.30

Road #18:
20.66 -93.93
-70.42 20.91
34.27 2.76
21.68 42.10
-9.51 6.84
-65.24 -52.18
63.89 13.63
10.58 -35.90
19.41 -27.72
87.27 -45.40
-14.87 -93.34
-21.50 -81.00
-78.09 30.59
-25.49 43.95
-8.93 -47.54
23.79 -15.13
-20.22 -43.90
-3.87 -23.36
-65.02 -36.26
-21.17 -6.30
70.24 43.50
-22.30 -1.69
68.86 -74.45
25.64 -15.73
24.88 -43.90
39.22 67.79
-68.21 84.41
27.85 -27.25
21.77 29.43
-59.21 -14.39
14.78 -30.01
28.64 -32.83
18.65 21.15
-20.44 59.51
6.49 8.11
-84.23 13.86
-12.26 -40.84
26.41 26.92
-94.61 32.44
-69.09 -55.49
-33.97 -9.44
60.84 28.28
-18.47 48.67
-18.70 5.28
54.50 -93.43
-33.67 -20.80
-16.00 37.31
-4.46 87.60
40.97 91.64

Road #19:
-51.99 -53.22
-5.59 -39.54
40.95 -4.86
37.09 -42.95
-0.74 -79.76
-44.88 -42.08
-34.86 -42.19
15.75 -70.62
9.83 -49.25
-24.75 -2.64
-59.34 43.97
-69.33 63.21
-26.67 23.85
15.99 -15.52
58.65 -54.88
40.48 -30.07
3.46 14.64
-33.56 59.34
-47.19 67.05
-22.68 14.44
15.09 41.06
55.40 82.83
40.70 63.59
3.31 19.19
-29.88 -20.38
-4.20 20.67
-54.59 49.48
-62.24 47.95
-18.43 9.88
25.38 -28.19
50.81 -10.79
10.95 17.02
21.07 38.14
61.02 29.56
80.31 -25.18
96.67 -60.31
99.07 -2.32

Road #20:
48.50 26.78
18.46 15.18
-11.59 3.58
-41.63 -8.01
-71.68 -19.61
-58.80 -40.16
-35.90 -62.79
-13.67 -85.92
-6.49 -57.72
0.29 -26.23
14.40 1.77
34.50 26.94
54.60 52.10
74.69 77.27
71.52 88.53
40.66 79.83
10.60 68.26
29.82 65.15
50.04 57.44
34.35 29.31
18.67 1.19
2.98 -26.94
-12.70 -55.07
-28.39 -83.19
-11.19 -58.53
7.14 -32.05
25.47 -5.57
43.80 20.91
62.13 47.39
80.46 73.86
80.46 76.81
59.26 52.57
38.06 28.33
13.45 30.23
-13.26 48.23
-39.96 66.23
-66.67 84.22
-68.55 80.31
-47.37 56.04
-26.20 31.78
-5.02 7.52
9.30 -21.23
23.05 -50.35
36.79 -79.48
44.98 -90.48
40.05 -58.65
35.12 -26.83
30.18 5.00
25.25 36.82
20.32 68.65
13.50 67.27
4.99 36.21
-3.52 5.15
11.67 -5.50
41.69 -1.68
14.65 4.72
33.34 30.33
45.32 60.22
57.31 90.12
61.56 68.54
64.24 36.45
66.91 4.36
69.59 -27.74
59.24 -11.48
45.42 17.61
31.61 46.71
14.02 54.71
-9.05 32.23
-32.11 9.76
-55.18 -12.72
-74.40 -33.61
-42.20 -33.38
-9.99 -33.15
22.21 -32.91
49.77 -31.16
23.97 -11.89
9.37 -5.34
25.27 -33.35
41.16 -61.36
60.05 -43.43
79.44 -17.72
98.84 7.99
87.27 -21.22
75.32 -51.12
63.36 -81.02
37.14 -80.21
6.58 -70.05
-23.98 -59.90
-54.54 -49.74
-85.10 -39.58
-76.26 -46.19
-47.75 -61.16
-19.23 -76.13
9.28 -91.10

Road #21:
-26.41 -38.49
-22.71 81.03
-62.20 -91.33

Road #22:
-89.39 80.88
59.17 83.78
41.44 -7.89
62.02 28.82
-30.89 -64.78
-2.61 -5.16
-2.91 47.93
-49.11 14.67
6.96 42.60
-46.36 33.68
83.52 26.69
11.13 21.41
-85.44 -82.53
8.48 -7.86
-45.87 48.37
11.44 -8.09
16.32 -57.20
-36.36 15.63
-40.91 46.55
52.28 -65.74
97.68 75.74
-9.59 -25.57
20.76 -47.90
38.99 77.87
-5.82 10.85
-29.35 -70.61
-12.63 -52.36
9.38 44.95
-21.91 11.86
72.69 32.73
-34.64 33.39
-16.43 67.10
-17.29 70.67
49.53 -51.50
87.50 5.47
33.72 30.48
11.55 -38.63
-70.69 52.34
18.51 -1.00
61.54 -64.64
40.52 -1.15
-34.99 -19.46
58.60 -60.77
34.60 -12.51
-71.12 91.91
-2.70 15.44
24.09 -31.39
10.03 63.22
-67.88 -63.30
-49.58 63.35

Road #23:
43.54 -63.09
47.09 -56.00
50.65 -48.91
54.20 -41.82
57.75 -34.73
61.31 -27.64
64.86 -20.55
68.42 -13.45
71.97 -6.36
69.84 -0.31
64.02 5.07
58.19 10.46
52.36 15.84
46.54 21.22
40.71 26.61
34.89 31.99
29.06 37.37
23.24 42.76
17.41 48.14
11.59 53.52
5.76 58.90
-0.06 64.29
-4.79 64.86
-7.70 57.48
-10.62 50.11
-13.53 42.73
-16.45 35.35
-19.36 27.98
-22.27 20.60
-25.19 13.22
-28.10 5.85
-31.02 -1.53
-33.93 -8.91
-36.84 -16.28
-39.76 -23.66
-42.67 -31.04
-45.59 -38.41
-48.50 -45.79
-51.42 -53.17
-54.33 -60.54
-57.24 -67.92
-60.16 -75.30
-59.12 -75.46
-54.48 -69.03
-49.83 -62.60
-45.18 -56.18
-40.54 -49.75
-35.89 -43.32
-31.25 -36.89
-26.60 -30.46
-21.95 -24.04
-17.31 -17.61
-12.66 -11.18
-8.02 -4.75
-3.37 1.68
1.28 8.11
5.92 14.53
10.57 20.96
15.21 27.39
19.86 33.82
24.51 40.25
29.15 46.68
33.80 53.10
38.44 59.53
43.09 65.96

Road #24:
-77.98 70.27
-71.65 53.92
-65.31 37.56
-58.98 21.21
-52.64 4.85
-46.31 -11.50
-39.97 -27.86
-33.64 -44.21
-27.30 -60.57
-20.97 -76.92
-23.27 -72.98
-30.65 -57.07
-38.04 -41.16
-45.42 -25.26
-52.80 -9.35
-60.19 6.56
-67.57 22.47
-74.96 38.38
-82.34 54.29
-89.73 70.19
-96.80 85.68
-83.56 74.18

Road #25:
56.01 -17.52
-7.37 29.35
-38.32 -32.32
12.51 -29.94
22.45 -6.42
-74.27 25.90
28.05 63.67
15.91 -39.29
84.53 -79.99
-12.57 -78.94
-59.94 80.41
-44.30 -41.16
-6.89 -3.01
51.72 -31.44
12.49 -2.79
15.23 44.03

Road #26:
41.70 -3.42
43.06 -3.27
-41.14 29.83
-95.40 22.01
-89.33 -68.25
-48.07 -14.89
-0.97 62.35
62.59 46.71
28.87 75.21
19.24 -14.75
-25.51 -53.99
-19.78 -0.31
36.78 70.29
51.85 40.00
42.37 -49.98
-20.39 -0.33
-11.53 45.88
68.83 74.84
1.44 14.49
-65.95 -45.87
-90.30 -30.94
-72.48 57.76
-35.94 43.79
19.06 -27.26
75.05 -69.53
76.44 20.93
27.54 32.59
-53.92 -6.77
-94.68 -13.15
-57.36 4.82
7.51 -56.38
-20.77 29.56
35.34 74.54
-10.18 -3.64
-55.71 -81.82
16.63 -69.36
89.89 -44.40
7.07 -7.98
69.33 -48.20
-6.63 0.93
-67.03 42.85
2.63 76.91
84.38 79.17
21.15 49.88
-22.10 63.91
-55.71 18.80
-37.33 -69.76
37.62 -19.09
77.94 6.65
6.12 -48.37
24.55 -52.82
71.64 21.05
53.57 51.73
-32.74 24.61
-54.04 -0.56
33.74 -22.45
64.36 -46.36
-21.40 -74.01
-29.36 16.10
-23.31 23.97
-3.49 14.99
12.20 37.14
35.78 16.03
34.23 -74.43
-47.40 -86.17
-59.79 -12.08
-68.72 77.07
19.92 71.14
49.62 -14.31
44.02 -26.25
19.53 58.51
31.77 10.53
-33.59 -52.02
8.85 1.45
69.47 -27.88
67.59 -15.90
50.16 41.51
39.07 1.06
21.04 -34.13
16.93 0.82
-43.23 -66.75
-90.68 -24.25
-8.34 13.24
67.42 45.43
10.16 -14.81
-71.84 23.41
-23.79 17.47
-57.02 18.35
33.34 22.86
64.88 -10.53
55.73 -77.66
-12.06 -74.80
30.69 -22.31
97.73 38.44

Road #27:
-95.77 -95.98
-47.74 13.10
19.24 34.01
-2.06 -16.81
65.91 -48.33
-16.59 -22.98
-12.09 23.09
-42.71 22.01
-19.49 47.52
2.01 -28.58
6.21 80.24
39.99 -30.76
-39.79 2.71
-4.58 -11.56
-35.48 7.52
-76.88 95.55
58.12 -19.86
22.15 86.78
-24.48 -47.76
65.95 -46.97
45.63 -1.84
12.94 37.24
-3.45 -39.27
38.38 79.03
-25.84 -27.93
-71.76 27.27
6.15 73.96
35.33 -64.76
-11.94 -25.08
-45.25 -34.96
78.33 -76.03

Road #28:
76.77 -96.55
72.24 -79.20
67.71 -61.86
63.18 -44.51
58.66 -27.17
54.13 -9.82
49.60 7.52
45.07 24.87
50.47 41.80
56.41 58.72
62.34 75.63
68.27 92.55
66.81 75.31
65.20 57.46
63.60 39.60
62.00 21.75
60.39 3.89
58.79 -13.96
57.19 -31.82
55.58 -49.67
53.98 -67.53
52.38 -85.38
47.55 -71.00
42.44 -53.82
37.33 -36.64
32.22 -19.45
27.11 -2.27
22.00 14.91
16.89 32.10
11.79 49.28
6.68 66.46
1.57 83.64
-2.43 96.90
2.21 79.58
6.85 62.27
11.49 44.95
16.14 27.64
20.78 10.32
25.42 -6.99
30.06 -24.31
34.70 -41.62
34.92 -49.91
24.08 -35.63
13.24 -21.35
2.40 -7.07
-8.43 7.20
-19.27 21.48
-30.11 35.76
-40.95 50.04
-51.79 64.32
-54.66 75.07
-36.80 76.64
-18.95 78.21
-1.09 79.78
16.77 81.34
34.63 82.91
52.49 84.48
70.34 86.05
88.20 87.62
81.37 83.32
64.72 76.67
48.07 70.03
31.42 63.38
14.77 56.74
-1.88 50.09
-18.53 43.45
-35.18 36.81
-51.83 30.16
-69.19 27.98
-85.72 29.93
-77.90 46.07
-70.09 62.20
-62.28 78.34
-53.78 90.02
-41.48 76.98
-29.18 63.94
-16.88 50.90
-4.58 37.86
7.72 24.82
20.02 11.78
32.32 -1.26
39.43 -14.35
27.37 -27.62
15.32 -40.89
3.27 -54.16
-8.78 -67.43
-20.84 -80.70
-32.89 -93.97

Road #29:
90.75 -95.57
62.95 -34.78
35.15 26.01
2.94 33.74
-34.53 -21.62
-71.99 -76.98
-53.50 -65.71
-5.46 -19.24
42.58 27.24
77.54 52.38
57.88 -11.51
38.22 -75.40
4.13 -54.28
-35.52 -0.47
-75.17 53.35
-71.87 30.04
-46.99 -32.00
-22.11 -94.04
24.43 -78.79
-2.88 -17.78
-30.20 -19.85
-19.78 -51.14
45.94 -38.92
75.19 -28.54
8.58 -23.00
17.93 11.39
64.08 59.75
89.53 75.29
65.81 12.79
42.08 -49.70
5.31 -35.43
-37.73 15.71
-77.88 43.49
-11.26 38.00
22.71 80.76
64.06 67.48
57.44 20.01
12.64 -29.61
-32.15 -79.22
-12.60 -49.61
46.11 -17.70
58.69 -34.61
-6.97 -22.12
-72.64 -9.63
-37.01 -2.14
29.57 3.83
-7.27 -41.66
-52.18 -91.17
-27.45 -48.77
8.07 7.86
47.97 59.81
24.29 76.74
-41.91 85.98
-41.88 78.51
22.04 60.28
6.10 52.13
-57.67 32.10
-62.27 7.24
-2.59 -22.86
57.09 -52.97
79.96 -65.68
18.80 -38.70
-42.36 -11.71
-58.94 -43.09
3.19 -67.75

Road #30:
-33.12 -18.37
-44.38 -40.79
-55.65 -63.22
-49.58 -75.24
-24.49 -75.86
0.59 -76.48
25.68 -77.10
50.76 -77.71
75.85 -78.33
60.03 -75.25
35.24 -71.36
10.45 -67.47
-14.34 -63.58
-39.13 -59.69
-63.92 -55.80
-52.85 -38.22
-36.97 -18.79
-21.08 0.63
-34.73 -12.65
-52.44 -30.43
-70.15 -48.21
-52.48 -40.60
-29.97 -29.51
-7.46 -18.42
16.46 -11.35
40.96 -5.93
49.04 7.20
37.57 29.51
26.10 51.83
43.91 43.24
32.38 20.95
20.86 -1.34
31.99 8.23
49.26 26.43
66.54 44.64
83.81 62.84
90.24 52.25
91.22 27.17
92.20 2.10
93.18 -22.98
94.16 -48.05
95.13 -73.12
82.04 -82.69
57.17 -79.30
32.31 -75.91
7.45 -72.52
-17.42 -69.13
-42.28 -65.74
-67.14 -62.35
-86.29 -55.06
-80.36 -30.68
-74.43 -6.30
-68.49 18.09
-62.56 42.47
-59.00 67.22
-57.24 92.25
-58.36 79.39
-46.69 66.80
-21.61 66.34
3.48 65.88
28.57 65.42
53.66 64.97
78.75 64.51
84.85 55.53
68.52 36.48
52.18 17.43
35.85 -1.62
21.03 -21.73
9.72 -43.31
31.47 -55.82
53.22 -68.33
74.98 -80.83
55.73 -72.67
32.74 -62.62
14.75 -45.32
-2.82 -27.40
-20.38 -9.47
-31.43 4.41
-7.57 -3.36
16.30 -11.13
31.90 -12.88
17.21 7.46
2.51 27.80
-12.18 48.14
-26.88 68.48
-25.31 67.06
-9.97 47.21
5.38 27.35
9.45 5.60
1.47 -18.19
-6.52 -41.98
-14.50 -65.77
-22.49 -89.56

Road #31:
-11.84 45.79
20.62 5.25
15.36 91.56
-59.52 27.86
-38.75 19.16
37.35 46.41
-10.56 52.33
-26.78 86.33
46.10 86.07
25.57 30.26
-55.91 -24.54
-82.11 2.34
-50.45 88.13
40.63 51.13
50.76 26.44
26.21 33.08
34.04 85.94
-60.06 86.15
-0.99 42.32
-77.66 84.74
-43.32 -2.19
-5.55 -43.82
32.25 46.93
13.64 18.11
-9.89 -76.23
-25.89 -37.29
45.97 -74.91
29.65 22.03
20.59 76.85
16.64 -9.91
-68.00 -59.92
-59.66 10.17
-42.03 53.61
-33.64 -2.05
6.97 49.19
-64.72 53.34
-92.54 18.87
-56.93 -36.29
-3.87 46.47
66.56 24.52
82.79 -51.78
54.62 42.38
-32.26 46.14
-18.45 84.16
-43.26 -10.97
22.71 -3.93
80.59 18.34
-10.29 -19.13
-71.66 -66.49
-64.93 4.18
-60.23 41.45
-12.29 -33.64
70.58 -86.53
31.08 -60.57
-58.63 -85.71
14.85 -35.95
-9.90 -87.49
25.83 -25.17
49.05 15.04
-20.09 -54.85
-66.53 -28.40
-20.04 -3.72
57.51 -4.35
-30.46 39.54
-33.85 -15.86
-42.20 -86.64
24.98 -14.85
92.15 56.93

Road #32:
-19.70 -16.27
37.73 25.80
37.06 51.81
-24.20 50.54
-79.81 -16.30
91.94 -61.22
-0.34 59.91
-76.80 52.09
-85.95 69.85
-3.51 15.04
7.49 -77.58
-52.05 4.22
-41.83 -34.55
-62.07 -76.90
42.99 -41.82
-35.20 -6.21

Road #33:
42.27 -95.68
40.51 -81.55
38.74 -67.42
36.98 -53.29
35.21 -39.16
33.45 -25.03
31.68 -10.90
29.92 3.23
28.97 17.22
35.36 29.94
41.76 42.66
48.16 55.39
54.55 68.11
59.54 67.90
63.06 54.11
66.58 40.31
70.10 26.51
73.61 12.71
77.13 -1.09
80.65 -14.89
84.17 -28.68
87.68 -42.48
91.20 -56.28
94.72 -70.08

Road #34:
82.43 73.59
2.19 -11.02
-66.50 -58.63
-82.62 46.25
-46.41 -41.84
-33.03 -27.42
8.54 22.52
-89.94 52.30
-34.76 40.54
21.24 63.62
26.22 79.74
62.22 -2.14
52.61 -46.68
22.31 7.70
-72.66 75.35
-76.47 -25.58
-12.70 -65.00
17.27 -17.66
-50.91 30.85
-13.23 -27.30
73.24 -11.01
-39.35 19.32
14.67 20.90
-14.10 65.32
-31.93 -13.83
-47.29 -15.54
10.90 44.39
57.83 43.83
-40.01 -19.60
-67.64 -25.07
13.17 58.98
85.01 60.16
46.50 -49.90
-14.12 -17.34
-23.25 79.58
6.57 -13.69
41.35 46.61
-55.47 30.20
0.04 39.83
-32.22 3.58
-52.34 -46.82
8.96 -70.61
-39.02 -47.83
6.23 50.65
54.45 39.07
53.07 55.20
-60.40 28.36
-51.03 -69.90
-65.16 1.96
-76.28 71.57
-32.29 -36.42
-36.02 -51.49
-44.86 40.96
30.51 5.11
-28.22 -53.82
-11.78 -4.24
-76.44 -78.25
-24.44 -37.36
53.76 32.71
-62.15 20.09
-15.92 40.36
14.06 51.23
-21.58 -25.71
-59.97 -31.24
-9.31 -44.56
40.16 48.52
-33.80 41.15

Road #35:
7.96 73.26
4.95 44.67
1.94 16.08
-1.07 -12.52
-4.08 -41.11
-7.10 -69.70
-4.05 -60.52
2.03 -32.42
8.11 -4.32
12.13 23.49
-1.44 48.84
-15.00 74.19
1.36 65.32
24.68 48.51
48.00 31.69
71.13 14.93
42.40 15.97
13.66 17.01
-15.07 18.04
-42.83 25.49
-65.81 26.18
-68.10 -2.48
-70.40 -31.14
-72.69 -59.80
-66.61 -70.22
-46.38 -49.80
-26.14 -29.38
-21.29 -9.55
-43.03 9.26
-64.77 28.08
-51.66 19.91
-28.00 3.57
-4.35 -12.76
-6.93 -12.92
-11.93 2.29
11.13 19.45
34.20 36.61
25.28 20.35
9.15 -3.45
-9.43 -23.90
-37.01 -32.01
-64.59 -40.11
-62.05 -45.12
-33.40 -47.44
-4.74 -49.75
23.92 -52.07
52.57 -54.38
68.65 -47.23
58.49 -20.34
48.33 6.56
32.89 -4.04
15.69 -27.08
-4.50 -46.90
-28.73 -62.38
-52.95 -77.87
-69.71 -91.19
-40.96 -91.29
-24.22 -68.77
-8.21 -44.89
7.81 -21.02
23.83 2.86
37.79 22.35
29.72 -5.24
21.65 -32.83
23.57 -11.29
26.91 17.26
30.26 45.82
33.61 74.37
32.08 88.91
16.98 64.45
1.88 39.98
-13.22 15.52
-28.32 -8.95
-43.42 -33.41
-43.66 -52.37
-16.26 -61.07
11.14 -69.78
38.54 -78.48
51.47 -83.26
23.43 -76.92

Road #36:
20.81 -15.22
-61.19 30.18
-84.87 18.17
11.21 49.19
-67.91 3.84
-32.27 -36.50
29.58 45.34
29.44 87.28
-19.20 48.73
39.64 -39.03
4.43 -22.68
-68.47 -65.93
-11.35 -33.35
-72.69 -13.29
-81.91 61.06
37.59 -14.74
1.09 -93.80
63.69 -15.84
-64.25 38.53
33.95 4.78
-54.19 30.09
20.57 32.23
45.69 -45.82
69.27 -1.66
23.74 38.99
-50.40 -30.76
-50.64 -22.08
81.43 12.35
-28.26 -35.99
-81.31 77.68
-46.09 46.96
86.54 31.13
-30.04 19.82
47.82 -31.79
75.66 40.71
-77.11 -46.61
94.90 67.86
-40.95 -17.34

Road #37:
93.97 -68.88
68.62 15.62
-2.83 16.72
24.62 96.01

Road #38:
16.90 -45.41
-76.93 65.95
41.17 74.26
9.43 16.27
40.55 55.53
18.45 -4.83
-13.92 11.83
2.68 71.12
-80.20 23.40
-58.68 -45.43
-23.56 42.97
42.10 23.14
-34.99 -20.77
70.08 80.05
-24.02 55.75
-8.98 37.88
19.02 28.77
-55.34 36.60
-8.82 -53.37
-39.11 -55.38
92.14 -92.39
-53.31 -99.27
16.70 -63.83
-42.62 -0.73
-34.31 -39.55
41.12 -55.69
-24.39 49.95
-83.81 -28.52
10.36 21.58
44.50 57.63
-20.94 -9.69
-90.76 50.45
-10.68 -10.46
-64.63 -35.58
-23.66 -54.17
11.49 28.06
26.04 34.63
-28.67 77.14
76.42 19.28
-22.07 15.50
-31.36 -7.45
14.12 -51.00
60.59 33.83
-24.33 -70.75
-37.76 8.63
19.28 -38.61
54.79 -26.25
-53.87 70.69
31.86 65.05
-61.69 3.04
-49.93 90.65
56.71 -8.50
53.53 47.21
-52.82 34.37
67.73 -47.32
88.83 93.03
-15.18 1.98
-49.27 34.02
26.42 -39.45
41.05 -70.47

Road #39:
-80.70 -57.90
-87.30 5.65
-93.90 69.21
-62.11 88.37
-0.18 72.65
16.85 60.18
29.93 87.57
81.89 85.23
42.91 34.60
3.93 -16.03
-25.67 -55.08
15.82 -6.49
16.56 38.85
26.35 6.86
55.81 -49.84
43.42 -42.91
3.03 6.60
-32.01 38.49
-38.08 -25.12
-44.14 -88.73
-51.25 -47.34
-60.35 13.38
-22.49 6.59
41.32 3.25
75.73 -4.41
15.58 -25.94
-44.58 -47.47
-83.43 -6.72
-51.97 -10.85
-13.96 30.54
-6.03 52.74
-22.82 -8.91
-38.45 -66.60
-19.33 -5.63
-0.20 55.34
54.48 37.38
7.59 32.44
-56.28 30.90
-40.33 32.89
23.44 36.97
68.18 37.05
8.18 15.08
-51.82 -6.89
-45.81 -30.19
13.26 -54.55
67.77 -72.79
32.69 -42.51
-31.14 -45.45
-93.45 -45.88
-43.22 -15.88
14.56 11.39
72.35 38.67
24.64 -3.11
-23.48 -45.15
-18.31 -38.22
-62.19 -84.67
-0.34 -75.11
29.14 -58.41
-25.59 -25.43
-80.32 7.54
-47.84 -6.31
-13.20 -58.82
45.94 -49.26
76.02 -41.68
14.41 -58.63
-42.21 -72.37
-1.23 -23.34
-58.77 -35.24
-45.16 -72.74
11.45 -43.10
25.24 -4.59
-38.13 -12.72
-61.48 37.46
-66.50 79.60
-25.12 30.92
16.27 -17.77
57.65 -66.45
77.47 -59.57
75.17 4.28
54.27 25.26
6.07 -16.68
-42.14 -58.62
-42.23 -14.73
-31.61 48.27
-28.74 74.95
-44.75 13.10
-63.29 -48.01
-76.81 -79.75
-68.17 -16.44
-30.18 -42.45
14.33 -88.30
-16.00 -51.36
-57.15 -2.47
-70.38 -52.51
-68.45 -63.91
-50.44 -2.60
-32.42 58.70

Road #40:
54.52 32.11
-17.89 -7.82
-74.39 -17.96
-72.34 55.59
10.24 51.35
88.06 46.40
10.32 18.21
-67.42 -9.98
1.71 14.54
79.63 42.22
71.04 38.98
65.48 -42.67
18.50 -68.92
-40.38 -37.38
-7.55 -11.36
12.65 68.83
-57.26 84.51
-35.68 75.18
44.93 56.75
20.10 52.04
-46.81 39.14
-43.89 -43.50
-23.61 -76.60
30.27 -13.87
64.78 31.32
-2.98 -16.08
-70.73 -63.48
-80.06 -12.79
-70.65 69.37
0.24 41.89
53.40 3.77
-7.95 -51.67
0.54 -7.74
69.10 33.32
-12.48 46.87
-76.64 49.12
-34.60 18.84
-2.31 94.96
-37.80 23.72
-74.59 -50.33
-8.74 -43.42
-16.59 28.62
17.28 58.31
60.52 19.67
48.60 -62.16
89.75 -49.17
19.49 -84.98
56.42 -20.87
-12.37 19.83
-76.29 59.35
-1.91 95.48
-75.09 79.05
-59.36 22.84
-77.36 -26.69
-49.52 -3.01
-37.76 33.24
-62.04 -45.80
-46.75 -59.37
11.95 -1.12
76.54 45.85
73.63 -36.79
61.07 -80.47
22.13 -25.90
-20.76 -71.42
57.51 -44.75
30.65 -72.09
-19.58 -43.94
-8.03 -76.43
-4.05 4.42
-59.77 64.76
-41.09 65.26
37.38 39.20
42.95 8.84
-31.93 -26.24
0.47 -60.82
21.89 -16.87
30.28 65.39
6.49 35.11
-46.63 -28.26
-46.54 -43.48
21.82 3.05
69.58 45.57
-11.25 63.01
-92.08 80.46

Road #41:
-62.66 32.71
-64.84 10.92
-15.46 12.05
45.56 -59.57
69.57 -49.42
29.78 -1.97
-35.12 -36.81
53.08 -69.56
6.65 -14.81
-58.93 52.65
-14.58 -3.37
43.87 -73.08
55.30 20.31
52.47 78.31
-7.80 55.49
15.75 6.16
30.27 -12.46
38.67 -29.37
83.99 53.08
3.87 39.36
-27.68 19.31
9.89 -51.75
-46.48 -3.88
-28.86 9.67
64.80 0.71

Road #42:
6.86 11.78
14.99 40.49
-5.85 -51.51
-34.78 32.24
1.41 32.82
-60.60 3.84
-19.13 57.72
63.13 11.55
64.65 -54.66
12.42 -40.75
-40.57 37.29
-46.19 58.51
21.05 -7.65
88.28 -73.82
71.11 3.75
46.75 87.03
37.95 -6.88
77.41 -71.94
48.31 -23.42
-12.69 48.53
-9.05 45.06
52.72 -26.24
54.63 10.51
59.10 3.60
51.75 -90.34
-22.12 -31.68
-66.03 15.37
28.08 8.94
4.04 35.67
-11.35 18.16

Road #43:
7.58 -78.45
-0.43 -73.20
-8.43 -67.95
-16.44 -62.70
-24.45 -57.45
-32.45 -52.21
-40.46 -46.96
-48.46 -41.71
-56.47 -36.46

Road #44:
-69.85 -9.63
10.21 -20.89
-17.23 -12.36
-48.10 12.82
21.97 53.15
72.15 90.74
59.95 28.81
62.99 -51.98
59.57 -19.25
48.10 41.17
2.96 -25.90
-26.41 0.68
-47.09 78.84
0.20 70.74
-0.62 -10.10
-1.12 -90.01
48.65 -26.29
43.59 -60.27
69.83 -6.36
15.71 53.70
11.16 31.19
-57.02 -12.27
-16.39 11.28
53.10 52.60
55.79 49.95
-9.65 2.47
-75.09 -45.00
-19.58 -9.44
48.24 34.57
9.94 47.66
12.46 61.96
35.92 -15.41
59.38 -92.78
-18.98 -92.38
-55.22 -35.95
-52.88 8.69
-74.79 86.51
-32.31 50.72
23.20 -8.06
48.71 -42.02
-19.42 1.51
-70.15 52.28
3.31 53.27
63.95 98.91
53.53 33.26
21.24 81.47
-7.56 5.93
14.27 -66.08
36.00 -10.39
7.28 38.78
-71.56 56.65
-27.13 59.77
53.71 58.53
4.38 79.35
23.21 30.33
66.64 -37.86
79.44 -88.18
-1.30 -83.94
-73.71 -75.56
-28.43 -8.58
21.41 30.39

Road #45:
-45.63 72.46
0.96 1.40
47.56 -69.66
55.10 -26.73
48.34 57.97
-21.78 17.77
-20.97 -37.43
-1.89 16.68
5.25 55.50
6.32 -29.46
23.29 -58.20
68.70 13.62
70.06 -3.58
60.11 -62.74
45.22 -32.85
-8.64 -47.98
-78.51 -96.35
-57.56 -22.43
-40.91 58.70
-14.66 75.11
56.88 29.24
37.58 -37.85
6.03 -22.11
-20.39 26.68
64.10 35.74
24.91 61.24
-20.38 37.55
-27.78 -47.11
11.80 -66.95
48.32 -2.07
18.60 23.79
-58.15 -12.25
10.56 -35.58
64.79 -33.90
32.47 44.69
-17.41 82.02
-62.60 13.03
-85.82 -23.66
-51.39 47.96
21.04 44.26
-19.17 24.45
22.19 26.63
-0.77 19.30
-54.79 -46.29
-48.60 5.85
-26.35 71.79
2.15 -8.26
19.20 -75.21
-56.31 -36.23
4.59 -71.74
60.22 -58.73
65.41 -11.90
-7.55 -53.71
16.51 -59.89
91.78 -26.71
11.17 -53.61
-69.43 -80.52
-55.43 -50.14
5.77 8.81
4.23 -12.04
-59.95 -5.88
-43.96 70.59
-54.19 -13.77
-65.25 -57.53
-78.94 26.33
-68.18 17.12
-38.88 -62.65
-33.63 -26.19
-24.65 42.44
58.27 23.87
50.43 -29.19
0.40 -94.29
19.70 -21.95
19.37 -13.94
-18.38 2.57
43.24 -0.28
16.73 -0.15
59.59 -73.52
-9.10 -83.43
12.34 -73.34
48.01 1.61
66.55 -8.87
13.26 17.91
-12.24 28.24
72.24 31.84
17.28 -7.23
-34.79 -44.43
19.08 -51.93
-39.76 -65.42
-51.56 -28.27
30.26 -5.34
52.35 65.92
35.71 68.33
-29.88 14.30
-52.51 -15.60
13.75 -68.80
60.80 -0.53
33.00 33.90
-51.73 40.28

Road #46:
-8.74 69.62
30.92 58.85
70.58 48.09
83.55 44.13
43.58 53.68
5.63 61.10
13.09 20.68
17.27 -20.16
20.39 -61.14
-11.57 -45.37
-46.84 -24.27
-68.63 6.02
-75.38 46.56
-82.13 87.09
-79.52 63.68
-74.36 22.91
-69.21 -17.86
-57.16 13.89
-44.42 52.96
-38.00 73.09
-51.30 34.21
-64.60 -4.68
-77.89 -43.57
-80.37 -33.07
-76.20 7.81
-72.02 48.70
-36.77 59.90
3.88 65.95
29.61 72.72
-10.27 82.63
-50.16 92.54
-71.21 76.98
-34.51 69.13
-3.89 59.00
-21.14 21.69
-57.14 11.45
-77.83 19.62
-75.54 36.99
-59.76 28.18
-19.32 20.89
21.13 13.60
27.65 50.53
26.49 34.42
23.33 -6.55
20.17 -47.53
14.80 -75.20
-1.40 -37.43
-17.60 0.34
-33.80 38.11
-42.16 66.30
-8.32 42.98
25.52 19.66
59.36 -3.67
27.83 -1.89
-12.93 3.42
14.49 -5.94
53.81 -17.87
35.28 -23.07
-5.18 -29.98
-45.52 -37.83
-79.02 -39.69
-65.87 -0.75
-55.35 30.50
-68.67 -8.38
-81.99 -47.26
-62.48 -55.12
-22.91 -44.02
16.65 -32.91
56.22 -21.81
29.53 5.59
-0.37 33.79
-30.27 61.98
-60.17 90.18
-57.89 69.31
-43.93 30.66
-7.75 15.63
31.68 4.06
71.12 -7.50
40.05 -6.22
-0.93 -3.13
4.87 19.60
4.69 27.22
-17.72 29.48
-21.85 70.37

Road #47:
-64.42 -99.86
-63.65 -83.68
-62.88 -67.50
-62.11 -51.32
-61.34 -35.13
-60.57 -18.95
-59.80 -2.77
-59.03 13.41
-58.26 29.59
-57.49 45.77
-56.47 39.76
-55.33 23.60
-54.20 7.44
-53.06 -8.72
-51.92 -24.88
-64.27 -28.69
-80.46 -28.98
-93.39 -26.06
-92.78 -9.87
-92.18 6.32
-91.57 22.50
-79.50 29.92
-64.03 34.72
-48.56 39.53
-33.09 44.33
-17.62 49.14
-2.15 53.94
13.32 58.75
28.79 63.55
44.26 68.36
59.73 73.16
75.20 77.97
72.57 68.01
64.75 53.83
56.93 39.64

Road #48:
96.54 31.89
-59.96 -46.62
-50.53 -26.50
-71.61 84.54
-56.74 11.02
11.12 -74.96
31.02 -34.29
-33.27 -56.98
-45.95 45.80
11.54 -5.00
73.30 74.27
32.65 -38.97
-37.93 38.60
-20.68 2.51
-53.09 -27.57
-87.21 -47.71
-34.77 -44.07
-2.79 52.65
-47.08 74.49
0.52 35.99
9.44 -6.19
18.79 19.30
-44.47 59.93
-21.58 90.99
60.35 -14.28
14.32 -72.63
36.52 68.29

Road #49:
55.83 18.79
-27.81 22.68
37.45 62.81
47.79 78.75
-42.09 50.19
-65.95 -17.32
23.72 -22.04
75.17 -1.11
15.40 69.76
-28.51 -13.70
-69.90 -87.09
-69.34 7.22
-62.44 79.33
-12.15 -0.45
43.34 -29.77
28.33 22.87
-48.04 16.90
-29.31 -58.01
-30.40 -19.30
-64.54 62.78
-31.13 8.00
18.41 -69.34
-19.23 17.13
3.57 -11.35
50.17 -69.55
74.26 21.63
54.44 17.56
-6.68 -54.26
-42.69 -31.74
-42.25 28.64
37.16 -22.24
-29.46 -78.94
-28.69 -15.22
47.71 9.42
34.32 71.54
17.62 45.75
5.99 37.84
12.15 -56.10
-4.28 -29.90
43.32 -8.86
18.50 82.13
-1.32 -2.92
74.12 -37.59
34.12 36.47
13.83 2.97
71.32 -71.78
73.15 -12.54
9.84 33.75

Road #50:
73.03 52.18
-8.76 72.75
-46.03 84.63
37.48 72.91
61.54 18.12
46.63 -64.88
-9.98 -47.32
-79.26 0.78
-49.34 -59.29
-5.00 12.44
39.34 84.17
-11.71 18.19
-63.28 -48.54
-14.41 -5.73
19.03 41.59
-35.54 43.53
-14.66 -15.04
-31.75 -94.66
-12.57 -12.54
6.60 69.59
48.67 24.03
95.19 -46.31
72.77 20.43
66.37 -13.58
70.49 -83.15
80.84 0.54
40.67 61.29
-35.64 80.65
-73.07 51.60
-17.96 -12.24
37.15 -76.07
3.21 -91.26
-67.90 -80.70
-7.88 -77.44
-73.54 -24.53
-12.24 -47.58
67.95 -73.67
46.63 -78.74
-37.33 -70.83
-86.54 -34.09
-78.82 49.89
-27.82 82.80
54.25 76.82
0.62 59.86
24.64 -20.98
44.40 -52.15
-32.73 -53.00
-12.86 -11.76
-26.74 -47.05
-51.35 -77.25
-15.38 -0.97
20.59 75.30
1.52 16.25
-25.96 -63.48
7.10 13.05
40.50 90.48
35.29 21.34
26.21 -62.50
-19.58 5.81
-75.11 68.42
-21.30 23.29
10.28 -28.55
9.74 18.01
31.83 43.53
45.99 -2.56
60.53 80.51
76.24 4.01
73.77 -18.45
41.07 59.28
28.77 0.43
-30.08 -59.98
-26.99 -13.46
-51.51 67.23
-46.97 33.23
21.46 -4.28
21.89 57.32
-48.29 82.06

Road #51:
6.77 -2.58
-1.80 4.98
-10.38 12.54
-18.95 20.10
-27.53 27.66
-36.10 35.22
-44.68 42.78
-53.25 50.34
-61.83 57.90
-70.15 65.66
-75.53 75.75
-74.60 71.69
-70.69 60.95
-66.79 50.20
-62.89 39.46
-58.98 28.71
-55.08 17.97
-51.17 7.22
-47.27 -3.52
-43.37 -14.26
-48.59 -22.97
-56.69 -31.03
-64.80 -39.10
-72.90 -47.16
-79.94 -54.49
-69.50 -49.84
-59.06 -45.19
-48.61 -40.53
-38.17 -35.88
-27.73 -31.23
-17.29 -26.58
-6.84 -21.92
3.60 -17.27
14.04 -12.62
24.48 -7.96
34.92 -3.31
45.37 1.34
55.81 6.00
52.76 10.24
42.06 14.26
31.36 18.28
20.65 22.29
9.95 26.31
-0.75 30.33
-11.45 34.35
-22.16 38.36
-32.86 42.38
-43.56 46.40
-54.26 50.42
-64.97 54.43
-75.67 58.45

Road #52:
-48.41 95.75
48.76 58.16
6.13 -56.82
-73.39 14.44
-55.42 72.44
2.66 67.36
6.36 26.12
14.38 -4.68
-34.39 12.18
-58.58 4.10
-77.02 -83.84
-17.64 23.44
-48.59 92.76
-91.20 -1.43
9.23 56.29
46.82 34.17
55.03 -59.42
6.60 -58.67
-52.20 -7.06
4.85 7.34
9.14 -46.39
7.30 -30.63
5.71 -5.75
-30.46 -38.01
-3.77 81.67
-4.44 -10.49
-57.73 -83.68
9.52 -7.09
53.53 31.83
-25.86 -61.64
-1.82 -46.92
35.52 41.45
-30.04 20.12
-59.85 -8.61
-33.44 28.55
55.74 -55.60
1.22 -87.82
-83.50 -85.18
-78.07 37.32
-4.24 73.73
39.58 -17.25
95.97 -42.10

Road #53:
50.98 57.85
-11.81 73.66
20.74 24.63
56.68 30.06
15.06 -19.54
-9.99 -26.32
-7.38 38.37
19.35 -13.75
38.70 -67.25
-25.73 -73.69
-78.30 -74.55
-32.26 -29.02
19.13 -32.48
51.66 23.50
84.20 79.48
60.21 71.58
8.59 32.48
-43.02 -6.62
-3.49 33.34
41.27 77.18
12.84 19.01
-15.59 -39.17

Road #54:
12.11 43.07
-5.88 34.21
-23.86 25.35
-41.85 16.49
-32.09 5.10
-23.35 -12.85
-14.89 -31.03
-6.43 -49.21
2.03 -67.39
10.49 -85.57
15.74 -95.85
9.12 -76.93
2.50 -58.00
-4.13 -39.08
-23.64 -36.67
-33.84 -31.53
-19.08 -17.95
-4.33 -4.37
10.43 9.20
25.18 22.78
39.94 36.35
54.69 49.93
69.45 63.51
84.20 77.08
81.65 84.56
61.64 85.89
41.63 87.21
21.63 88.54
1.62 89.87
-18.39 91.19
-38.40 92.52
-21.41 93.69
-1.39 94.84
18.63 95.99
38.64 97.15
58.66 98.30
78.68 99.45
75.15 81.70
69.70 62.40
64.25 43.11
58.80 23.81
50.52 5.82
39.34 -10.82
28.15 -27.46
16.97 -44.10
5.78 -60.74
-5.40 -77.38
6.04 -73.28
23.59 -63.59
41.14 -53.89
29.13 -40.18
14.80 -26.16
0.47 -12.14
-13.87 1.88
-28.20 15.90
-42.54 29.92
-56.87 43.94
-55.57 63.57
-53.44 83.51

Road #55:
17.11 94.84
16.25 -38.16
-18.45 -96.49
30.48 -66.00
-10.51 6.62
-44.95 -85.38
90.67 12.38
66.55 32.15
23.66 6.34
93.68 34.21
39.55 -34.16
68.33 -95.02
71.72 -64.79
-71.43 17.39
-46.31 19.61
-50.26 78.63
-49.61 -70.65

Road #56:
-83.19 -31.67
47.29 50.14
-44.29 49.96
-23.51 -48.04
-79.01 -10.59
19.11 -54.83
-31.32 -67.43
9.22 -2.81
0.80 12.12
8.68 0.42
-48.41 0.74
-1.09 -2.95
-12.93 -8.41
-38.02 -4.45
-51.98 40.71
-24.67 -71.10
5.33 -52.90
80.84 -65.04
8.16 28.88

Road #57:
-69.08 92.69
-80.96 10.01
-22.58 -31.86
55.13 -62.47
83.10 -3.54
85.58 15.49
44.65 -50.16
-14.36 -84.19
25.06 -10.54
64.47 63.11
40.54 60.31
49.97 -22.69
7.22 -46.75
-61.01 -8.65
-82.19 50.15
-5.88 63.76
-37.76 45.10
45.38 36.98
73.52 4.21
24.27 -63.26
8.87 -39.87
7.28 15.96
1.12 22.54
79.73 50.81
19.35 71.28
-61.92 90.58
-81.23 46.17
-59.59 2.37
-23.49 77.70
57.64 89.89

Road #58:
62.24 22.36
45.53 31.72
28.83 41.08
12.12 50.44
-4.58 59.80
-21.29 69.16
-37.99 78.52
-54.70 87.88
-68.22 92.10
-67.29 72.97
-66.36 53.84
-68.85 35.01
-72.98 16.31
-77.11 -2.39
-81.24 -21.09
-85.37 -39.79
-89.50 -58.49
-93.63 -77.19
-97.76 -95.88
-82.95 -87.63
-66.77 -77.40
-50.58 -67.18
-34.39 -56.95
-18.20 -46.72
-2.01 -36.49
14.18 -26.27
30.37 -16.04
46.56 -5.81
37.20 5.36
21.81 16.76
6.43 28.17
-8.96 39.57
-24.34 50.97
-39.73 62.37
-55.11 73.77
-63.12 65.36
-67.31 46.67
-71.49 27.98
-75.67 9.30
-79.86 -9.39
-84.04 -28.08
-88.22 -46.76
-92.41 -65.45
-83.34 -65.77
-66.93 -55.91
-50.52 -46.04
-34.11 -36.18
-17.70 -26.31
-1.28 -16.44
15.13 -6.58
31.54 3.29
47.95 13.15
64.36 23.02
80.78 32.89
64.85 37.84
46.25 42.39
27.65 46.93
9.05 51.48
-9.56 56.03
-18.52 47.80
-19.27 28.66
-20.02 9.53
-20.76 -9.61
-21.51 -28.74
-22.26 -47.88
-23.00 -67.01
-23.75 -86.15
-38.48 -90.31
-57.62 -89.75
-76.76 -89.19
-95.90 -88.63

Road #59:
-84.75 -24.23
24.31 5.64
72.70 -43.78

Road #60:
11.37 -52.07
-25.42 41.15
10.02 -84.90
22.23 -59.51
56.00 46.43
42.41 41.02
36.48 -7.60
-20.60 19.35
73.30 -41.39
-41.31 53.76
25.40 20.12

Road #61:
86.56 -69.72
53.06 31.19
-56.68 -15.14
-85.36 47.07
9.55 78.51
-65.17 -51.52
97.34 -71.74
31.43 34.23
-76.49 12.51
70.30 -24.49
-73.47 76.27
63.54 4.64
34.77 -51.33
-17.47 -41.85
20.82 -43.57
-92.43 34.77

Road #62:
26.33 -97.93
37.05 -66.85
47.76 -35.77
58.48 -4.69
69.19 26.39
79.91 57.47
89.98 87.44
68.30 62.72
44.38 40.22
19.96 18.21
23.98 -3.15
49.39 -24.01
74.80 -44.87
57.64 -22.76
37.03 2.85
16.42 28.46
-4.20 54.07
0.37 39.94
14.72 10.37
29.08 -19.21
43.43 -48.78
53.24 -59.57
52.48 -26.70
51.72 6.16
50.97 39.03
50.21 71.90
47.57 83.08
41.18 50.84
34.79 18.59
28.40 -13.66
22.01 -45.91
15.62 -78.16
-2.26 -83.01
1.18 -55.43
13.72 -25.04
26.26 5.35
38.80 35.74
51.34 66.13
60.44 92.34
33.04 74.16
5.65 55.99
-21.75 37.82
-49.15 19.65
-63.64 12.71
-41.85 37.32
-20.05 61.93
7.26 62.75
37.66 50.23
68.06 37.71
70.33 34.06
38.24 41.22
6.15 48.38
3.43 29.66
14.55 -1.28
25.67 -32.21
2.52 -43.87
-29.70 -50.42
-59.15 -44.29
-84.14 -28.77
-83.63 -56.06
-50.85 -53.58
-18.06 -51.10
14.72 -48.61
34.79 -41.59
11.02 -18.88
-12.75 3.83
-36.52 26.55
-60.30 49.26
-77.79 57.81
-76.93 24.94
-76.06 -7.92
-75.20 -40.78
-65.30 -43.83
-46.34 -16.98
-29.66 -15.60
-15.77 -45.40
-25.24 -46.86
-51.84 -27.54
-67.35 -14.69
-37.44 -28.34
-7.53 -41.99
22.37 -55.63
52.28 -69.28
82.19 -82.93
87.17 -82.63
59.89 -64.28
32.61 -45.94
5.33 -27.59
-21.95 -9.24
-49.23 9.11
-76.51 27.46
-74.59 24.66
-48.66 4.45
-22.73 -15.75
1.02 -29.93
8.00 2.20
14.98 34.32
21.96 66.45

Road #63:
65.24 52.16
55.52 32.32
31.85 8.37
7.29 -88.66

Road #64:
95.77 -37.10
55.97 27.09
57.58 29.81
93.75 -6.95
55.64 33.74
-16.61 44.93
-56.69 82.49
-15.14 19.42
26.42 -43.65
5.54 -6.68
-7.20 -48.05
-9.27 -58.74
40.64 -53.87
39.87 21.65
21.85 80.91
-53.50 86.12
-27.41 52.30
32.00 5.67
52.96 -24.44
-21.77 -13.44
-89.74 -30.01
-49.43 18.30
0.20 75.06
-28.61 5.24
-57.42 -64.58
6.71 -73.46
82.23 -74.87
66.60 -30.65
12.39 -55.77
5.68 19.46
11.75 68.17
66.42 16.06
32.62 24.07
-36.98 53.41
-86.39 66.37
-43.30 4.34
-0.22 -57.69
33.87 -49.59
22.45 -10.25
-50.32 -26.46
-70.09 -68.43
4.33 -55.52
-17.30 -37.87
-4.59 -12.42
65.16 16.54
31.85 11.51
16.98 14.73
40.44 -57.07
13.72 -90.80
-26.29 -59.12
-13.08 15.25
0.13 89.61
-25.91 37.58
-57.14 -31.19
-47.29 -41.84
7.76 9.85
64.23 60.01
51.63 47.37
-3.66 -4.09
-58.95 -55.54
-38.67 4.78
5.88 65.77
0.95 51.79
-37.62 -13.16
-28.98 6.59
0.93 -45.53
26.55 -9.41
-23.94 27.60
-47.00 -44.32
-3.02 -68.43
28.64 -26.12
42.81 48.07
39.26 59.72
12.41 -10.88
5.66 -66.27
17.39 -39.23
-39.85 10.05
-36.40 -26.96
-69.47 -47.96
-51.42 -8.79
5.15 41.25
-30.45 30.16
-58.46 9.03
16.59 17.54
71.58 61.36
32.08 22.19
-20.42 -32.12
-72.91 -86.42

Road #65:
-45.27 -82.93
-17.73 -36.64
-49.38 -23.52
-39.50 29.43
-26.36 9.92
-11.77 -41.93
-30.96 -0.96
-53.10 48.14
-68.46 22.94
-81.35 -29.36
-94.23 -81.66
-61.07 -98.28
-7.21 -98.85
46.65 -99.43
87.82 -93.10
58.10 -48.17
28.38 -3.25
-1.34 41.68
-25.86 12.40
-49.03 -36.22
-72.20 -84.85
-58.33 -65.49
-35.84 -17.45
-26.57 35.61
-58.02 26.32
-52.25 22.28
-1.75 41.01
10.98 27.12
-14.90 -20.12
-29.67 -60.02
23.28 -54.30
4.68 -3.75
-13.93 46.80
-24.10 25.60
4.07 -16.10
41.79 -54.56
26.60 -29.10
-4.14 15.14
-34.87 59.37
-9.49 39.69
30.39 3.48
70.26 -32.73
29.77 1.69
-11.26 36.59
-37.72 66.37
16.12 67.90
31.04 17.30
39.88 -27.98
-5.79 0.58

Road #66:
-20.54 99.99
15.10 41.58
75.73 50.31
5.51 61.39
-64.71 72.46
-66.33 71.88
-13.96 23.80
38.40 -24.28
62.43 -22.01
69.29 -65.05
2.21 -41.52
-37.44 -7.49
-3.18 54.80
16.17 67.17
10.66 -3.70
29.89 -63.42
24.83 -47.19
-20.56 7.52
-31.26 35.54
33.23 5.64
77.37 7.23
7.70 -6.89
-61.98 -21.01
-36.73 0.42
25.07 35.55
54.67 18.68
50.99 -50.41
64.53 19.38
77.91 88.93
19.58 48.29
-38.74 7.64
-87.27 -41.69
-62.23 -31.02
-8.58 15.61
16.88 31.02
-24.06 -27.10
-56.59 -80.00
13.67 -69.14
80.12 -58.26
9.97 -46.77
2.58 -20.18
14.27 -39.52
-9.35 -60.74
-42.17 -7.20
-77.12 54.70
-87.57 59.76
-64.34 5.16
-22.33 62.51
18.32 33.68
58.50 -24.96
60.74 -29.55
19.25 28.18
6.98 30.74
31.45 -36.00
56.36 -45.50
79.56 17.88
21.63 -23.34
-36.29 -64.55
-68.85 -83.40
-20.70 -31.10
27.44 21.21
54.71 59.66
-12.19 35.61
-79.09 11.56
-51.50 66.35
-63.57 87.61
-77.16 50.30
-16.63 13.03
43.91 -24.24

Road #67:
17.02 58.74
-17.15 -63.90
-47.53 80.86
56.34 -72.32
-42.45 45.34
-39.46 -60.27
84.02 -14.57
1.95 -45.37
68.73 53.02
72.23 43.26
-18.04 -46.63
47.46 -52.82
-11.89 32.32
57.23 -0.17

Road #68:
-19.08 5.35
-19.24 31.44
27.94 57.37
-90.80 -55.13
39.34 16.50
17.35 -4.19
5.62 -86.64

Road #69:
75.47 21.78
93.92 -86.45
-15.06 -65.40
-8.03 -36.21
71.83 -56.60
-27.69 2.50
-19.05 4.79
25.49 -10.46
26.70 2.95
85.35 18.18
-12.44 -80.53
73.81 73.17

Road #70:
63.90 73.54
-84.32 -55.72
21.60 -39.92
-28.60 -39.60
63.57 41.14
-79.47 38.74
6.77 25.95
11.15 -56.08
50.69 -12.25
77.05 -49.27
72.59 -73.19
-48.19 -53.36
-16.72 -74.25
17.53 65.03
-43.49 -42.47
68.12 -55.89
-4.55 -83.83
86.23 -37.89
-62.28 70.36
-6.21 69.59
-56.65 15.42
-74.86 -9.08
51.56 12.87
-12.49 14.58
-51.08 -78.71
25.43 52.11
66.36 21.49
60.81 54.07
38.58 93.56

Road #71:
29.09 -89.71
-11.26 -13.37
21.68 30.15
33.24 44.01
-27.72 24.53
8.46 14.20
42.35 -53.12
-45.63 -55.84
-47.85 4.31
-73.42 88.53
-13.40 36.44
51.34 -23.19
72.40 5.62
61.86 84.21
9.52 13.45
11.71 30.88
30.76 74.22
-19.06 1.65
13.69 -69.81
-54.25 -57.01
-82.53 26.35
-45.92 -5.93
-57.30 -4.43
-11.74 70.88
50.21 41.16
57.63 -4.04
-26.60 -29.56
-44.73 -25.93
-2.43 31.29
-27.33 60.98
-44.20 -25.41
-36.57 -64.93
24.75 -1.79
86.08 61.34
50.86 22.43
-8.79 -42.29
-44.96 -94.36
39.78 -72.90
62.16 -49.74
-24.61 -34.96
-80.28 1.49
-43.72 69.02

Road #72:
-45.46 -85.54
28.69 -59.84
54.47 64.91
44.70 -20.63
82.36 34.58
-10.66 -24.68
17.33 -48.54
-73.98 79.34
24.30 8.27
66.60 37.22
-63.80 -68.96
-19.13 12.72
10.50 -32.70
-12.22 -3.96
16.45 -63.55

Road #73:
0.41 -7.32
17.96 6.34
-4.88 -62.61
6.01 -36.34
24.85 -3.82
11.77 16.71
-2.63 39.85
21.62 -28.62
10.59 -45.23
-44.18 2.47
-24.33 -5.02
-29.66 52.51
41.56 54.71
74.17 67.56
14.16 57.21
-45.56 15.89
-88.72 -26.02
-31.90 -3.81
-49.02 18.87
-8.86 -10.86
18.79 -1.41
9.59 56.89
27.91 18.44
61.41 82.89
53.54 43.06
10.99 -13.81
-39.18 -66.32
-67.44 -68.29
-61.67 -5.57
-29.20 -44.53
15.76 12.51
60.72 69.55
9.86 38.30
80.16 21.26
40.15 -0.66
33.79 23.79
77.26 56.63
5.52 67.99
-15.18 22.95
-11.03 -49.56
-14.39 -63.03
-28.53 8.21
-29.29 75.20
-14.00 51.89
-23.55 -20.11
-30.06 -7.86
36.29 -23.11
91.22 -39.53
76.71 31.64
5.91 29.20
-66.53 28.88
-21.13 40.41
49.74 52.42
42.10 -19.81
34.47 -92.03
-4.20 -41.48
41.35 15.08
29.25 38.55
-42.58 27.74
-1.69 -15.52
20.61 -5.95
63.37 5.37
76.18 -53.37
66.92 -18.28
55.12 -14.09
-13.25 -38.59
-62.53 -44.78
-45.58 -73.86
0.04 -17.34
45.65 39.18

Road #74:
1.69 60.74
-38.21 6.73
-78.11 -47.29
-66.15 -36.15
-21.84 13.97
40.78 38.23
78.09 50.29
20.10 16.43
-37.89 -17.43
-95.88 -51.29
-90.30 11.38
-54.16 10.07
-1.46 -31.55
51.25 -73.16
49.58 -24.52
37.43 41.52
3.84 64.99
-56.45 35.43
-93.18 36.48
-33.79 65.20
27.67 92.26
-24.50 86.43
-90.91 76.49
-38.41 81.33
28.42 87.96
24.72 87.19
-17.11 77.41
47.03 57.52
11.36 11.39
72.52 -1.52
34.17 -31.50
-24.01 -65.03
-66.18 -64.07
-78.10 2.02
-37.45 16.33
28.82 5.44
45.59 -5.11
-20.82 -15.09
36.24 2.10
85.80 27.25
75.56 58.02
39.19 3.06
-1.98 16.57
-28.20 -24.79
-31.40 8.33
23.60 -15.71
81.63 -49.50
66.27 -8.39
33.66 50.31
0.59 38.42
-28.58 -8.45
-16.32 57.57
3.02 37.91
25.94 -25.21
35.64 -63.86
-4.55 -10.07
-44.75 43.73
-81.87 89.01
-78.33 21.95
-42.21 -32.57
0.14 -84.68
50.93 -63.41
9.81 -21.87
-42.92 19.72
-7.38 38.45
58.90 49.23
34.43 14.77
-14.08 -31.67
-49.39 -66.37
2.37 -23.59
54.14 19.20
48.85 30.31
-14.83 8.99
-75.08 -8.19
-60.24 36.33
-62.62 -8.98
-69.14 -75.82
-41.79 -37.03
6.56 -28.59
17.75 21.75
20.44 70.65
22.14 5.41
-12.66 2.34
-59.55 50.42
-72.61 36.53
-57.53 -28.91

Road #75:
40.07 -13.76
-58.99 66.73
-65.68 -90.63
10.04 12.50
46.25 -47.77
70.15 -39.52
19.65 -31.44
1.28 0.57
12.64 45.32
-60.17 -12.62
-24.19 67.85
49.47 -59.74
-22.64 -18.24
64.04 -83.21
31.33 -27.75
-74.21 5.09

Road #76:
-38.05 50.83
-47.01 -24.28
-51.54 -70.35
-30.24 2.03
-54.61 49.61
-81.18 61.24
-45.49 54.21
-18.98 71.39
-74.50 55.88
-64.27 -19.07
-50.44 -72.85
-15.96 -5.52
14.28 57.43
-51.81 20.63
-71.05 -29.19
-82.80 -15.94
-96.04 55.86
-55.55 68.02
13.37 36.85
41.82 49.39
-30.83 70.44
-96.87 87.47
-44.66 32.74
19.30 -3.68
40.12 -32.55
-26.31 -68.72
-51.99 -85.72
18.23 -57.59
88.45 -29.46
42.58 9.87

Road #77:
-22.90 84.30
-4.03 63.10
14.84 41.89
33.70 20.69
52.57 -0.52
69.75 -19.81
51.04 1.54
32.33 22.88
13.62 44.22
-5.09 65.57
9.62 50.12
33.37 44.36
60.84 51.50
85.01 56.80
64.52 37.16
44.03 17.51
30.77 34.31
19.34 60.29
-7.78 57.26
-4.56 47.29
20.32 33.63
45.21 19.98
63.30 3.80
53.37 -22.79
43.44 -49.38
33.50 -75.97
36.73 -55.72
42.09 -27.85
47.46 0.02
52.83 27.89
67.34 8.37
82.69 -15.50

Road #78:
14.68 98.87
-1.14 60.62
-16.97 22.38
19.66 12.18
8.36 -9.06
-23.48 -35.51
-55.31 -61.97
-87.15 -88.42
-87.09 -54.38
-83.25 -13.16
-79.41 28.05
-69.59 48.39
-45.54 17.22
-61.21 55.53
-72.06 89.44
-32.46 77.39
7.14 65.35
36.01 47.40
25.03 7.49
16.89 -16.94
20.79 24.27
24.69 65.48
16.61 78.12
-10.06 46.47
-36.73 14.81
-63.39 -16.85
-90.06 -48.50
-61.72 -58.60
-20.64 -63.70
-43.35 -41.17
-75.17 -14.70
-90.61 5.75
-49.22 5.32
-7.84 4.89
27.22 8.50
9.45 45.88
-12.32 65.70
-44.49 39.67
-24.46 13.26
7.34 -13.24
39.14 -39.73
41.87 -3.64
42.14 37.75
20.07 56.00
-20.24 54.40
20.39 62.28
60.95 70.54
86.65 74.04
49.10 56.64
11.54 39.23
-26.01 21.83
-63.56 4.42
-59.03 13.02
-25.41 37.08
9.30 59.63
44.01 82.17
9.27 82.22
-32.07 80.13
-18.23 43.86
-1.69 5.92
14.86 -32.02
23.14 -30.07
18.94 10.96
14.65 14.05
13.51 -27.32
21.35 -43.76
46.85 -11.16
71.35 17.97
75.57 -23.21
79.79 -64.38

Road #79:
79.80 -87.00
-25.34 -81.35
-69.43 -4.98
33.05 -6.61
48.25 21.97
-64.10 70.31
42.59 -75.19
49.76 64.62
76.40 44.66
-0.64 52.96
23.76 -41.24
-33.12 -76.83
-56.14 9.98
59.71 -68.57
58.04 44.64
56.85 -56.69
-67.54 -61.14
-72.53 64.74
-10.91 -71.01
5.04 45.96
3.97 -6.44
16.64 -23.56
-16.49 28.02
7.46 7.45
-38.14 35.27
-75.67 -26.06
-84.41 27.70
71.96 -62.31
-18.26 60.62
-9.49 -80.20
70.29 20.87
47.34 68.87
-63.30 -41.33
72.38 10.94

Road #80:
-79.39 -25.75
-42.03 -22.57
-4.68 -19.39
5.31 10.85
8.06 48.24
3.50 51.46
-9.31 16.23
7.86 18.09
39.62 38.02
71.38 57.94
89.24 67.96
60.04 44.45
30.83 20.94
1.63 -2.57
-27.58 -26.08
-56.78 -49.59
-60.13 -65.19
-22.77 -68.35
-44.68 -50.28
-75.55 -29.01
-87.20 0.98
-82.85 38.21
-55.75 32.70
-22.45 15.48
10.86 -1.73
-21.04 -21.40
-42.83 -40.72
-9.64 -58.16
23.56 -75.59
56.75 -93.03
37.06 -82.45
3.99 -64.79
-29.08 -47.12
-62.15 -29.46
-84.40 -23.16
-68.40 -57.07
-52.40 -90.98
-20.45 -86.71
14.91 -74.27
50.28 -61.83
68.27 -32.12
80.49 3.32
92.71 38.77
72.98 31.34
42.51 9.50
12.03 -12.34
-18.44 -34.19
-48.91 -56.03
-61.47 -73.55
-24.39 -79.10
12.69 -84.65
49.77 -90.20
53.60 -71.61
36.84 -38.07
20.08 -4.54
3.31 29.00
-8.38 60.40
27.35 71.74
63.09 83.08

Road #81:
-57.35 8.56
-84.65 -21.45
-59.06 -24.24
-36.44 -4.22
-21.93 14.93
16.40 1.61
54.72 -11.71
33.65 -38.74
5.04 -67.50
-23.58 -96.27
-23.34 -57.54
-47.55 -38.51
-73.89 -25.84
-55.52 10.34
-37.14 46.51
-18.77 82.69
-12.83 76.80
-24.53 39.40
-49.06 7.07
-73.58 -25.25
-93.74 -50.31
-76.70 -13.49
-59.67 23.33
-42.63 60.16
-25.59 96.98
-9.93 60.61
5.71 23.18
21.36 -14.26
37.00 -51.70
52.65 -89.13
21.17 -83.17
29.32 -68.86
32.81 -28.44
40.48 11.08
53.97 49.35
65.91 27.44
77.43 -11.46
88.94 -50.37
97.65 -89.80
70.58 -78.05
37.04 -55.23
3.49 -32.41
-30.06 -9.59
-34.69 24.66
-42.45 -10.37
-25.12 -3.79
4.29 24.16
33.31 51.86
-4.99 38.45
-43.28 25.03
-81.57 11.62
-78.93 -10.36
-49.22 -38.00
-19.52 -65.63
10.19 -93.27
-8.14 -73.85
-19.76 -51.78
20.81 -51.92
61.38 -52.06
86.64 -43.99
64.02 -10.31
41.40 23.38
65.78 20.60
26.91 8.97
-11.96 -2.66
-19.57 1.23
13.19 25.16
45.96 49.09
26.53 18.20
4.25 -15.71
-18.04 -49.61
-40.32 -83.52

Road #82:
79.43 92.62
2.24 7.99
-6.45 14.21
40.77 25.05
63.51 -2.19
5.65 58.78
-21.21 -52.57
41.21 -92.86
73.10 -31.04
73.72 -59.21
0.25 -82.53
-77.63 -56.62
6.50 21.11
58.04 68.19
-24.23 -11.49
-51.15 -6.95
4.50 -43.89
-16.01 -78.03
72.30 -5.07
-34.32 -34.91
-49.95 -56.68
2.73 -17.55
-32.21 77.25
-63.39 78.30
20.58 80.81
-26.28 17.05
-45.43 71.06
54.46 18.76
31.82 -37.69
49.96 2.57
49.46 74.85
72.18 61.07
61.69 -52.99
-26.84 -82.31
13.29 -8.71
85.37 80.32
56.49 -21.91
10.75 -75.55
-66.74 8.81
11.21 -30.78
32.09 30.19
-19.77 -51.68
-57.61 -40.95
43.98 -5.95
-43.46 50.45
11.69 3.70
73.62 -45.74
21.50 56.26
88.38 13.12
-18.87 53.33
23.57 -3.52
88.40 -55.87
65.00 56.26
69.29 -33.80
-12.50 12.90
-83.15 35.87
-83.80 -78.67
12.12 -86.51
33.55 -32.18
-46.69 49.56

Road #83:
-85.98 -89.77
-72.01 -52.73
-58.04 -15.68
-42.08 -3.61
-22.43 -37.98
-35.60 -22.70
-59.53 8.85
-75.38 38.15
-38.60 52.80
-1.82 67.45
26.15 81.87
-11.37 94.50
-38.61 79.89
-58.43 45.61
-40.58 18.43
-9.65 -6.28
13.88 0.91
30.77 36.71
35.30 49.07
15.31 14.89
-4.67 -19.29
-24.66 -53.46
-8.21 -37.74
18.27 -8.30
44.74 21.14
43.28 33.93
4.79 24.66
-24.83 21.34
-4.05 49.08
-18.35 12.16
-32.65 -24.76
-46.95 -61.68
-26.67 -79.37
12.23 -86.71
51.14 -94.05
69.60 -95.82
50.24 -62.60
33.10 -26.91
15.97 8.79
-1.16 44.48
-18.30 80.17
-10.76 75.20
12.98 43.51
36.72 11.83
60.46 -19.85
70.02 17.12
79.26 55.62
71.32 74.73
34.22 60.90
-2.88 47.08
10.46 40.08
49.90 36.60
89.34 33.13

Road #84:
-15.93 -81.17
-40.68 1.26
-58.52 17.06
45.55 19.85
68.81 -44.99
-11.10 -6.67
27.17 50.35
-28.02 54.85
23.61 3.16
-95.66 -69.31
1.14 -89.93
-36.18 26.94
-49.56 -40.13
-49.03 -47.55
-35.98 9.04
-50.24 -50.06
18.32 57.41
47.60 -42.35

Road #85:
-28.66 25.49
7.25 5.61
43.16 -14.27
43.69 -6.78
15.42 22.98
-12.85 52.74
-41.12 82.50
-24.14 49.89
-4.63 13.78
-13.09 -17.54
-43.52 -45.09
-44.43 -54.95
-5.80 -41.08
32.83 -27.22
71.46 -13.36
33.46 -4.17
-6.57 4.90
-46.60 13.97
-86.63 23.04
-49.88 13.92
-10.03 4.07
29.81 -5.79
69.66 -15.64
80.94 -19.65
40.43 -13.05
-0.09 -6.46
-40.60 0.13
-67.60 -21.04
-73.87 -61.60
-36.22 -62.92
4.79 -61.24
45.80 -59.56
83.84 -67.12
73.05 -48.77
38.34 -26.86
3.64 -4.95
-31.07 16.96
-65.78 38.87
-32.43 16.13
1.49 -6.97
35.41 -30.08
69.33 -53.19
67.15 -61.33
26.83 -53.67
-13.50 -46.00
-53.82 -38.34
-94.14 -30.68
-78.19 -0.55
-54.23 32.77
-30.26 66.09
-3.60 93.76
34.31 85.70
58.97 52.89
83.63 20.08
68.31 40.63
43.75 73.52
20.92 60.72
-1.08 26.07
-24.10 8.16
-50.11 39.92
-68.80 63.78
-39.10 35.45
-9.40 7.12

Road #86:
-86.07 55.97
-23.30 11.11
39.47 -33.75
11.11 -95.09
-5.78 -19.81
-21.01 17.85
21.93 -39.41
78.69 -91.67
21.79 -58.26
-28.32 0.41
-78.42 59.08
-70.44 30.15
-47.60 -35.01
-76.75 -58.14
-1.49 -41.96
68.15 -22.44
22.92 33.91
-7.16 62.89
-16.99 -13.63
-29.26 -62.18
-52.16 11.50
-56.54 55.03
-39.91 41.07
-96.25 44.33
-60.65 -24.11
-25.72 -21.36
8.57 47.76
-16.27 60.02
-86.68 28.47
-73.97 1.73
-62.62 4.50
-5.25 -47.09
22.65 -18.05
12.18 57.88
46.85 84.91
37.34 32.74
-2.85 -33.11
65.55 -49.05
57.05 -18.88
1.68 34.85
-53.68 88.58
-2.65 80.80
71.54 59.64
35.98 48.20
-39.92 50.53
-89.88 81.34
-42.44 20.50
5.00 -40.34
59.17 -80.74
20.35 -17.82
-9.23 46.25
38.87 41.26
84.09 63.80
85.64 -13.33
54.22 -46.41
-19.89 -24.96
-78.92 -67.25
-73.95 -27.27
-47.34 45.15
-36.41 74.12
-62.16 1.39
-87.90 -71.34
-54.55 -55.73
-0.67 -1.84
49.62 19.75
-14.74 -22.80
-16.94 -8.42
31.07 51.97
29.65 55.42
-23.40 -0.60
-76.45 -56.62
-53.90 -59.97
17.03 -29.62
45.95 32.95
40.47 46.71
12.58 -25.23
-13.06 -92.65
21.11 -28.82
-44.86 11.20
-96.24 23.85
-96.79 -52.93
-39.74 -62.00
10.66 -18.95
20.65 11.90
16.12 -65.12
69.32 -91.47
27.03 -61.83
-16.51 -14.06
1.53 60.95
25.75 6.20
50.84 -66.76
64.73 -34.86

Road #87:
-73.43 -40.58
6.76 39.37
89.75 17.60
-20.13 70.20
-88.20 26.32
-8.68 -21.91
13.89 -46.60
-23.91 -11.02
19.74 -72.72
57.96 -21.92
16.83 -4.35
-5.12 -55.51
15.51 67.01
55.48 9.11
-67.63 70.11
-20.02 -5.60
11.92 -49.88
-57.29 47.78
-91.05 54.73
-4.19 32.38
55.50 -51.75
80.54 -4.41
80.17 -31.78
33.61 -5.98
17.99 -8.19
5.25 7.93
36.70 -72.60
-33.84 37.62
27.97 5.66
56.10 -85.08

Road #88:
-42.94 27.41
55.40 52.87
2.04 -28.78
-20.94 40.73
90.60 -77.24
-69.76 33.59
54.79 60.91
54.16 -29.34
37.49 84.79
-18.14 -93.81
8.22 -13.30
-37.24 -87.14
13.34 10.49
-80.36 30.45

Road #89:
-34.49 29.37
-20.63 -31.03
25.32 57.67
-16.44 -87.62
33.36 42.08
43.53 8.07
-62.91 -18.71
34.56 80.01
-22.10 -78.54
55.69 82.05

Road #90:
32.27 8.30
32.17 -77.52
-44.72 -40.16
-38.85 -34.84
34.35 -9.73
56.23 57.46
-46.95 66.36
-9.18 -74.15
-75.87 71.01
-8.14 86.56
43.89 -67.49
15.64 9.50
26.37 52.35
-68.50 12.58
-9.42 -60.63
32.85 7.68
-53.88 -30.73
2.57 -40.06
-19.67 -17.22
-17.66 53.96
-72.04 24.43
-22.50 15.46
85.96 -55.26
-36.71 -18.16
31.59 25.63
18.88 -29.65
41.40 -66.32
88.00 67.97

Road #91:
38.64 -71.83
23.12 -53.44
7.60 -35.05
-7.92 -16.67
-23.44 1.72
-9.94 20.66
4.87 39.62
19.68 58.58
34.49 77.54
49.31 96.51
50.19 72.67
51.01 48.62
51.83 24.58
52.65 0.53

Road #92:
54.90 75.21
-21.16 83.60
-2.60 88.75
73.86 91.92
61.89 38.52
26.96 -29.57
32.75 -7.73
58.44 61.39
-16.49 45.85
-5.04 76.80
-51.66 16.11
-48.98 -6.88
21.80 22.21
92.58 51.31
23.35 38.52
3.75 -27.13
46.00 36.68
70.09 63.55
45.39 -8.88
20.69 -81.31
-10.74 -49.66
-70.81 -84.71
-38.51 -36.27
-11.43 -8.34
51.91 -51.29
-4.42 -14.38
-79.37 -29.84
-46.01 10.90
-21.09 18.06
-49.57 -52.97
-83.23 15.39
-40.43 37.62
36.08 39.34
21.12 2.43
-33.45 -51.22
-29.79 -27.33
26.57 24.43
-9.49 -4.48
-22.73 -13.08
33.15 39.20
20.84 69.90
-0.85 12.13
30.30 20.68
82.75 54.42
7.96 38.21
-50.53 13.67
-20.09 -55.90
-68.76 3.15
-69.40 69.61
-21.87 55.63
16.40 14.03
-56.17 38.34
-80.22 5.15
-68.48 -70.47
-86.34 -51.32
-55.26 -1.88
10.60 37.08
76.47 76.04
21.02 34.36
-30.68 -7.28
3.23 18.18
64.04 -28.26
85.85 -5.74
77.38 70.32
58.05 39.49
34.45 -33.31
0.06 -57.16
-51.96 -1.04
0.29 39.51
41.83 77.24
-17.22 62.70
23.86 22.20
59.05 54.12
53.17 12.59
78.20 -40.17
13.17 -8.93
10.91 -67.34
3.02 -50.35
-12.73 17.74
40.37 -2.86
92.16 -43.30
56.52 24.42
-12.88 12.36
-58.80 -0.24
13.25 25.54
-6.41 38.13
-80.45 41.72
-18.29 -2.91
43.87 -47.55

Road #93:
-16.88 -5.66
92.02 -32.32
-81.55 23.38
-81.10 54.69
-57.31 -24.60
3.22 -41.83

Road #94:
-34.88 25.13
-37.78 23.93
-40.69 22.72
-43.59 21.52
-46.50 20.31
-49.40 19.11
-52.31 17.90
-55.21 16.70
-58.12 15.49
-61.02 14.29
-63.93 13.08
-66.83 11.88
-69.74 10.67
-72.64 9.47
-75.55 8.26
-78.45 7.06
-81.36 5.85
-84.26 4.65
-87.17 3.44
-90.07 2.24
-89.61 0.60
-87.11 -1.31
-84.61 -3.21
-82.11 -5.12
-79.60 -7.02
-77.10 -8.93
-74.60 -10.83
-72.10 -12.73
-69.59 -14.64
-67.09 -16.54
-64.59 -18.45
-62.08 -20.35
-59.58 -22.26
-57.08 -24.16
-54.58 -26.06
-52.07 -27.97
-49.57 -29.87
-47.07 -31.78
-44.57 -33.68
-42.06 -35.59
-39.56 -37.49
-37.06 -39.39
-37.94 -37.11
-39.28 -34.27
-40.63 -31.43
-41.97 -28.58
-43.31 -25.74
-44.65 -22.89
-45.99 -20.05
-47.34 -17.20
-48.68 -14.36
-50.02 -11.52
-51.36 -8.67
-52.70 -5.83
-54.05 -2.98
-55.39 -0.14
-56.73 2.70
-58.07 5.55
-59.41 8.39
-60.75 11.24
-62.10 14.08
-63.44 16.92
-64.78 19.77
-66.12 22.61
-66.35 20.66
-66.30 17.52
-66.25 14.37
-66.20 11.23
-66.15 8.08
-66.10 4.94
-66.05 1.80
-66.00 -1.35
-65.95 -4.49
-65.90 -7.64
-65.85 -10.78
-65.80 -13.93
-65.75 -17.07
-65.70 -20.21
-65.65 -23.36
-65.61 -26.50
-65.56 -29.65
-65.51 -32.79
-65.46 -35.94
-65.41 -39.08
-65.36 -42.23
-65.31 -45.37
-65.26 -48.51
-65.21 -51.66
-65.16 -54.80
-65.11 -57.95
-65.06 -61.09
-65.01 -64.24
-64.96 -67.38
-64.91 -70.53
-64.86 -73.67

Road #95:
94.60 -58.86
84.82 -45.28
75.04 -31.70
65.26 -18.13
55.49 -4.55
45.71 9.03
35.93 22.61
26.15 36.19
16.37 49.76
7.06 63.61
0.03 78.80
-7.00 93.98
-5.92 89.58
-0.18 73.86
5.57 58.15
11.32 42.44
17.07 26.72
22.82 11.01
28.57 -4.71
34.32 -20.42
40.07 -36.13
45.82 -51.85
48.06 -61.83
36.68 -49.56
25.29 -37.29
13.91 -25.03
2.53 -12.76
-7.12 0.11
-5.89 16.79
-4.66 33.48
-3.43 50.17
-2.20 66.86
-0.97 83.54
9.85 84.70
25.33 78.33
40.80 71.96
56.27 65.60
71.75 59.23
87.22 52.86
96.91 45.75
83.53 35.70
70.15 25.65
56.77 15.60
43.40 5.55
30.02 -4.50
16.64 -14.55
3.26 -24.60
-10.11 -34.65
-23.49 -44.71
-36.87 -54.76
-50.25 -64.81
-63.62 -74.86
-77.00 -84.91

Road #96:
-75.49 96.30
-62.24 -63.21
-72.80 -1.97
-75.15 0.60
10.69 76.51
0.82 32.37
-32.89 20.45
57.92 -16.76
44.15 -87.34
-80.50 15.49
37.60 -62.62
-11.87 6.25
-44.60 54.61
65.63 42.30
15.71 54.63
-64.86 -18.40
51.99 40.04
-64.49 -68.07
32.04 26.20
48.43 -65.50

Road #97:
30.31 -62.59
5.51 -31.03
17.93 -7.25
9.90 -72.78
-30.58 67.30
-54.82 -9.75
22.72 -46.23
-17.88 51.99
-15.12 29.82
50.88 -54.09
-13.54 -25.14
-39.91 -13.24
-0.93 -10.28

Road #98:
54.88 88.59
46.87 79.45
38.87 70.31
30.86 61.17
22.85 52.03
14.84 42.89
6.84 33.76
-1.17 24.62
-9.18 15.48
-17.19 6.34
-25.20 -2.80
-33.20 -11.94
-41.21 -21.08

Road #99:
-32.56 -29.38
-25.22 -25.54
-17.89 -21.70
-10.55 -17.86
-3.21 -14.02
4.13 -10.18
11.46 -6.34
18.80 -2.50
26.14 1.34
33.47 5.18
40.81 9.03
48.15 12.87
55.49 16.71
55.70 9.95
54.91 1.71
54.08 -6.47
46.89 -2.37
39.69 1.73
32.49 5.83
25.30 9.93
18.10 14.03
10.91 18.13
3.71 22.23
-3.48 26.33
-10.68 30.43
-17.87 34.53
-25.07 38.63
-32.26 42.73
-39.46 46.83
-46.65 50.93
-53.85 55.03
-61.04 59.13
-65.64 59.89
-63.43 51.91
-61.22 43.93
-59.02 35.95
-56.81 27.97
-54.60 19.98
-52.39 12.00
-50.18 4.02
-47.98 -3.96
-45.77 -11.94
-43.56 -19.92
-41.35 -27.91
-39.15 -35.89
-36.94 -43.87
-34.73 -51.85
-32.52 -59.83
-30.31 -67.82
-28.11 -75.80
-30.28 -78.52
-37.73 -74.90
-45.17 -71.28
-52.62 -67.66
-60.07 -64.04
-67.52 -60.42
-74.97 -56.80
-82.42 -53.18
-89.34 -49.60
-81.39 -47.29
-73.44 -44.97
-65.48 -42.66
-57.53 -40.34
-49.58 -38.03
-41.63 -35.71
-33.68 -33.40
-25.73 -31.08
-17.78 -28.77
-9.83 -26.45
-1.87 -24.14
6.08 -21.82
6.95 -28.30
6.37 -36.56
5.80 -44.82
5.23 -53.08
4.66 -61.34
3.09 -63.12
0.07 -55.41
-2.95 -47.70
-5.97 -39.98
-8.99 -32.27
-12.01 -24.56
-15.03 -16.85
-18.05 -9.14
-21.07 -1.43
-24.09 6.28
-27.11 13.99
-30.13 21.70
-33.15 29.42
-36.17 37.13
-39.19 44.84
-42.21 52.55
-45.23 60.26

Road #100:
-50.40 -87.62
-48.77 -38.55
-14.91 -37.64
7.36 -15.51
96.58 -32.68
51.94 26.22
1.27 71.04
19.88 18.94
-49.29 -1.42
-62.64 -19.89
15.57 27.06
-41.66 62.52
25.16 -11.05
49.38 -33.97
64.46 -77.04
48.68 80.12
-18.30 26.34
-48.82 82.70
-21.63 35.52
-40.00 -59.76
0.35 -83.92
-29.46 10.38
21.38 28.73
-32.81 -70.03
58.89 9.28
-2.05 -68.87
-20.05 5.64
-23.57 28.60
58.48 25.50
61.59 39.04
18.38 -71.33

